0.200239
0.492338
0.504152
0.572856
0.194878
0.424062
0.094134
0.236471
0.367662
0.115607
0.284597
0.234914
0.591946
0.619815
0.130599
0.479399
0.427146
0.526605
0.106308
0.328771
0.574659
0.309304
0.05845
0.646482
0.227005
0.482167
0.019557
0.055145
0.151555
0.429934
0.48313
0.139271
0.523172
0.646533
0.626496
0.033524
0.355274
0.024939
0.520323
0.125285
0.555135
0.520024
0.568896
0.530512
0.268082
0.487944
0.577543
0.705626
0.599331
0.477801
0.052113
0.668307
0.36807
0.586533
0.14636
0.458019
0.523113
0.476111
0.463428
0.127479
0.099312
0.396891
0.10342
0.515033
0.06132
0.638421
0.4195
0.540949
0.260651
0.073538
0.034837
0.363084
0.553859
0.193563
0.594852
0.477122
0.11393
0.133578
0.088916
0.133842
0.168549
0.215068
0.128732
0.219829
0.64022
0.266763
0.597939
0.071203
0.173184
0.631198
0.466669
0.150812
0.114376
0.092016
0.403919
0.589097
0.579762
0.025839
0.195752
0.108635
0.382705
0.499975
0.397338
0.055517
0.035945
0.041144
0.479304
0.12092
0.519203
0.266358
0.050248
0.390531
0.245202
0.661862
0.172609
0.045325
0.61962
0.234972
0.298836
0.352319
0.508176
0.488951
0.337833
0.596811
0.147138
0.724546
0.525534
0.163476
0.16074
0.633116
0.070689
0.066588
0.22355
0.346878
0.513452
0.555217
0.612436
0.550253
0.372975
0.586895
0.46743
0.404105
0.105681
0.271367
0.515714
0.462677
0.591987
0.69575
0.116065
0.079152
0.47052
0.089231
0.111796
0.554635
0.512397
0.625963
0.523628
0.68885
0.575171
0.063246
0.119758
0.536352
0.682227
0.412569
0.479127
0.026605
0.094437
0.625892
0.031604
0.582751
0.151131
0.205147
0.116281
0.380063
0.164311
0.447924
0.299263
0.48162
0.349478
0.536503
0.410057
0.317143
0.100211
0.081132
0.129016
0.6376
0.635099
0.352036
0.241737
0.27949
0.473062
0.566361
0.328692
0.300465
0.057248
0.756863
0.400248
0.182967
0.141805
0.085748
0.224731
0.476569
0.159765
0.614444
0.608535
0.116097
0.622317
0.111419
0.452565
0.406141
0.12737
0.45912
0.291397
0.365369
0.411303
0.442227
0.229787
0.511525
0.472119
0.543345
0.039976
0.166302
0.201585
0.120586
0.187198
0.057744
0.493119
0.616602
0.331655
0.27622
0.034922
0.630261
0.125163
0.402989
0.567034
0.127441
0.522448
0.352447
0.125595
0.580225
0.025031
0.332972
0.200974
0.071087
0.533799
0.6207
0.549602
0.513218
0.502861
0.561042
0.585585
6.1e-05
0.609466
0.117141
0.162963
0.655501
0.559537
0.572577
0.59746
0.135002
0.019031
0.097716
0.428369
0.170187
0.177344
0.322651
0.235982
0.404131
0.523962
0.032215
0.394897
0.064048
0.249598
0.680708
0.159095
0.61626
0.251304
0.446552
0.122778
0.469619
0.460804
0.592948
0.682649
0.570945
0.163128
0.505296
0.325343
0.545198
0.08135
0.364088
0.455285
0.356874
0.516721
0.263646
0.077598
0.526123
0.079784
0.063384
0.705116
0.486145
0.530417
0.537786
0.528398
0.71084
0.158278
0.69666
0.166366
0.156278
0.08125
0.153304
0.426383
0.087466
0.460416
0.04145
0.073562
0.56108
0.126815
0.373365
0.33462
0.164067
0.579521
0.216836
0.426592
0.649385
0.622603
0.575885
0.513545
0.53634
0.503836
0.135274
0.054805
0.578433
0.499996
0.133477
0.621201
0.467528
0.508885
0.472276
0.502655
0.120876
0.055326
0.536014
0.551485
0.321773
0.56756
0.203719
0.663159
0.320413
0.573347
0.125948
0.066845
0.449223
0.177759
0.422396
0.177286
0.475665
0.167696
0.190372
0.577339
0.487476
0.068901
0.038278
0.164527
0.339709
0.971813
0.329426
0.108835
0.137035
0.589988
0.228666
0.172526
0.262004
0.522
0.436057
0.237948
0.551521
0.27506
0.479381
0.242306
0.005302
0.36723
0.286353
0.119718
0.502465
0.491767
0.293287
0.158299
0.129901
0.106975
0.069097
0.335589
0.629105
0.076661
0.120198
0.350895
0.275907
0.052655
0.549017
0.388444
0.139065
0.878122
0.467789
0.492639
0.527191
0.573472
0.575686
0.502417
0.141168
0.178272
0.515503
0.335261
0.176961
0.259447
0.404172
0.082095
0.54751
0.597249
0.447274
0.223891
0.475906
0.004688
0.179403
0.354388
0.468128
0.039431
0.48092
0.382655
0.024907
0.104064
0.710242
0.481632
0.160562
0.201491
0.465727
0.488892
0.515585
0.734017
0.545334
0.493458
0.232876
0.044367
0.052103
0.589318
0.542659
0.110655
0.034996
0.028432
0.191657
0.479181
0.451937
0.283111
0.094802
0.157629
0.484336
0.325285
0.50409
0.125187
0.114888
0.478813
0.478483
0.080697
0.646693
0.571945
0.105334
0.602679
0.046943
0.724831
0.11704
0.161809
0.031649
0.678379
0.070855
0.67443
0.166951
0.561116
0.563706
0.570598
0.569107
0.175628
0.435062
0.630578
0.043294
0.608571
0.467879
0.359458
0.12763
0.369236
0.559487
0.560839
0.086343
0.149876
0.699754
0.124675
0.592426
0.495953
0.03588
0.495292
0.570786
0.475118
0.06748
0.25464
0.44404
0.692241
0.258503
0.466461
0.493968
0.466109
0.571488
0.552017
0.436009
0.506491
0.558989
0.583538
0.555795
0.13624
0.518316
0.4382
0.507026
0.206076
0.529068
0.492787
0.248967
0.485857
0.162786
0.083092
0.607796
0.525774
0.162724
0.301813
0.431869
0.485556
0.124586
0.492585
0.344606
0.503159
0.028455
0.449516
0.072597
0.097382
0.167575
0.516086
0.49261
0.494233
0.433426
0.248531
0.03566
0.574928
0.449635
0.581961
0.57801
0.085438
0.7376
0.044489
0.11079
0.526563
0.50641
0.509177
0.049978
0.161766
0.493739
0.605473
0.624434
0.544308
0.358578
0.156998
0.141448
0.528444
0.087949
0.553509
0.509644
0.495079
0.571378
0.500745
0.53663
0.255089
0.100765
0.150839
0.544313
0.445811
0.526416
0.754906
0.614227
0.550167
0.126821
0.103267
0.155125
0.535486
0.342464
0.464044
0.615519
0.239612
0.458734
0.078311
0.592453
0.461693
0.023667
0.196504
0.639221
0.40359
0.143294
0.538815
0.454214
0.321857
0.580892
0.068658
0.449266
0.297178
0.087504
0.56868
0.099351
0.568269
0.071586
0.335451
0.077622
0.530819
0.496277
0.291679
0.454243
0.110807
0.478047
0.08928
0.53568
0.230217
0.692647
0.155968
0.128435
0.4177
0.515279
0.581895
0.185434
0.646735
0.465002
0.514887
0.451188
0.181789
0.585659
0.649693
0.440234
0.084131
0.158463
0.090387
0.60059
0.110486
0.13289
0.109674
0.345507
0.07248
0.174235
0.228613
0.630351
0.117536
0.343915
0.265493
0.281699
0.468824
0.399391
0.160456
0.127849
0.165436
0.088282
0.675911
0.08518
0.501309
0.164488
0.645002
0.131791
0.304798
0.109663
0.045287
0.577102
0.50049
0.129312
0.115392
0.017126
0.071294
0.086942
0.597873
0.085479
0.172255
0.277457
0.516334
0.022814
0.634299
0.344792
0.538146
0.352203
0.297428
0.09064
0.544277
0.3603
0.089572
0.151607
0.121688
0.4488
0.401586
0.532982
0.49235
0.620218
0.628247
0.560305
0.074975
0.116019
0.343166
0.038508
0.526762
0.544833
0.466755
0.270043
0.600973
0.397395
0.125583
0.284765
0.053717
0.122999
0.569836
0.77187
0.001969
0.07722
0.365382
0.462826
0.085038
0.500329
0.632332
0.708859
0.078548
0.579922
0.597502
0.608671
0.148479
0.122168
0.06885
0.123632
0.413807
0.503163
0.603891
0.484102
0.099668
0.490491
0.446376
0.65392
0.42262
0.472543
0.142461
0.613751
0.069961
0.207709
0.570009
0.63364
0.596526
0.451813
0.57381
0.417342
0.326578
0.141423
0.120079
0.449173
0.546639
0.060162
0.137484
0.547109
0.592176
0.033509
0.580204
0.566093
0.238806
0.669345
0.342977
0.126664
0.177713
0.456218
0.037582
0.514502
0.214346
0.134326
0.526714
0.511656
0.614623
0.070903
0.175573
0.500658
0.304199
0.613646
0.499685
0.683159
0.067425
0.533965
0.5874
0.580041
0.474112
0.42001
0.403758
0.144016
0.172617
0.143261
0.075705
0.491786
0.387812
0.326079
0.546186
0.089057
0.106681
0.487848
0.111367
0.031864
0.175172
0.085165
0.523891
0.382698
0.602737
0.604143
0.153934
0.486707
0.156724
0.591844
0.555169
0.466725
0.347214
0.584015
0.531676
0.207159
0.104272
0.86799
0.523979
0.724868
0.130478
0.492968
0.080424
0.171664
0.605917
0.650337
0.565271
0.249083
0.446816
0.579921
0.500785
0.606468
0.22443
0.27148
0.523312
0.053135
0.816978
0.519908
0.597191
0.592462
0.095174
0.447179
0.444432
0.599385
0.597073
0.171361
0.036991
0.606316
0.011995
0.178883
0.029489
0.624752
0.547782
0.596883
0.573697
0.377417
0.51708
0.019567
0.158132
0.482565
0.679908
0.562424
0.533246
0.072331
0.144008
0.375448
0.336613
0.46897
0.033492
0.264052
0.059598
0.12173
0.349372
0.464278
0.52785
0.519516
0.060805
0.686207
0.064615
0.079703
0.262321
0.460758
0.32926
0.653717
0.503939
0.101433
0.431705
0.30028
0.093177
0.477824
0.094374
0.133948
0.536503
0.078814
0.604304
0.089812
0.508525
0.513872
0.485952
0.04956
0.509282
0.586919
0.378864
0.02359
0.444054
0.186608
0.541384
0.315648
0.401973
0.234706
0.065492
0.199547
0.034972
0.359401
0.079089
0.50566
0.07326
0.614296
0.547893
0.060663
0.555658
0.21967
0.496147
0.577376
0.187842
0.538788
0.443424
0.40822
0.06
0.031973
0.651138
0.701927
0.266036
0.625017
0.527233
0.577521
0.552756
0.174455
0.520042
0.126304
0.660106
0.74969
0.359218
0.138212
0.462735
0.479268
0.259438
0.641825
0.091806
0.101231
0.318052
0.37347
0.126734
0.290347
0.480333
0.403679
0.332464
0.098424
0.628484
0.096641
0.096126
0.149242
0.385861
0.520401
0.276169
0.353579
0.34562
0.088281
0.455716
0.057992
0.040828
0.08366
0.336553
0.524719
0.135757
0.498716
0.49455
0.478155
0.288849
0.189177
0.543044
0.559249
0.237601
0.099547
0.560295
0.584475
0.145872
0.13869
0.972716
0.513938
0.116516
0.553949
0.125827
0.234944
0.215914
0.218582
0.606382
0.204836
0.081721
0.092573
0.561495
0.131251
0.492962
0.438386
0.364801
0.055141
0.499017
0.462891
0.477492
0.346336
0.142241
0.119573
0.11607
0.598819
0.229781
0.249612
0.694793
0.506331
0.4967
0.575106
0.068946
0.144992
0.55534
0.542967
0.712505
0.109127
0.384552
0.046538
0.651985
0.712657
0.141654
0.219599
0.710763
0.103122
0.59427
0.448816
0.518581
0.425258
0.343922
0.244233
0.29105
0.34559
0.335613
0.588539
0.521109
0.635493
0.498924
0.7093
0.196967
0.622389
0.073013
0.659216
0.202369
0.579533
0.656241
0.541071
0.300066
0.37988
0.059411
0.181278
0.464608
0.050664
0.111179
0.442413
0.629297
0.464086
0.515454
0.627725
0.31289
0.624067
0.385105
0.591057
0.083003
0.08576
0.294344
0.393479
0.348758
0.534559
0.152991
0.535213
0.40126
0.028187
0.084472
0.236463
0.294564
0.098592
0.578673
0.082821
0.437734
0.387771
0.63877
0.489282
0.107083
0.58474
0.030677
0.445899
0.499472
0.188953
0.471563
0.598548
0.071203
0.15679
0.612187
0.0554
0.410847
0.524185
0.538947
0.570749
0.485258
0.456566
0.195787
0.590353
0.142404
0.071905
0.557073
0.484921
0.451806
0.485994
0.084516
0.43659
0.556289
0.1693
0.151122
0.179848
0.601893
0.541168
0.572073
0.401561
0.452798
0.032718
0.550713
0.084585
0.038506
0.440749
0.409607
0.407867
0.632227
0.57091
0.062909
0.538022
0.516112
0.377887
0.585224
0.533439
0.118968
0.397754
0.107357
0.107835
0.263222
0.608186
0.069908
0.063683
0.540192
0.477723
0.162781
0.056302
0.148484
0.161994
0.14689
0.520925
0.654905
0.079353
0.624464
0.149243
0.552224
0.495593
0.071539
0.509875
0.053208
0.010745
0.245156
0.082442
0.280991
0.674756
0.554775
0.563123
0.066261
0.202508
0.592966
0.022163
0.114701
0.069297
0.388592
0.536211
0.056111
0.187024
0.183495
0.113711
0.49864
0.52527
0.41513
0.739333
0.077124
0.154629
0.378884
0.626053
0.084778
0.37585
0.07499
0.517207
0.408635
0.688347
0.594483
0.515095
0.420575
0.152203
0.361997
0.427327
0.072119
0.182555
0.244167
0.664229
0.112777
0.285952
0.551119
0.44242
0.723558
0.557954
0.342343
0.229993
0.101176
0.586316
0.487693
0.049811
0.07712
0.295518
0.030441
0.271884
0.568689
0.606082
0.446892
0.017832
0.661043
0.598566
0.03026
0.284187
0.380354
0.129957
0.62007
0.205197
0.153636
0.338569
0.06405
0.094438
0.488762
0.111543
0.294867
0.625371
0.12304
0.06267
0.108456
0.090927
0.129449
0.130024
0.22191
0.226959
0.520669
0.159423
0.578809
0.600999
0.0285
0.405716
0.315599
0.338045
0.35106
0.447114
0.457725
0.146263
0.503425
0.059758
0.46367
0.086826
0.504237
0.55479
0.553083
0.201669
0.50454
0.400344
0.100502
0.088194
0.222201
0.081692
0.587807
0.00154
0.117511
0.338865
0.626686
0.255439
0.317523
0.139307
0.192251
0.618407
0.106562
0.045781
0.09675
0.220733
0.193294
0.242686
0.478775
0.146542
0.138685
0.13197
0.598041
0.486902
0.46928
0.651332
0.461534
0.136412
0.574169
0.220699
0.285508
0.451894
0.147557
0.097447
0.488868
0.321381
0.088434
0.586685
0.033157
0.373308
0.174803
0.470752
0.630529
0.293543
0.158751
0.078392
0.519806
0.008783
0.514227
0.119915
0.613394
0.500296
0.480212
0.141878
0.041818
0.471017
0.614803
0.599658
0.533852
0.457935
0.624942
0.503549
0.592511
0.647188
0.559843
0.210111
0.584387
0.473804
0.449011
0.68333
0.493388
0.239324
0.557703
0.081603
0.121517
0.587524
0.07475
0.538219
0.598166
0.479559
0.057369
0.098779
0.143475
0.331806
0.538642
0.48436
0.36675
0.698584
0.455712
0.022658
0.503881
0.096152
0.508906
0.446644
0.54443
0.444131
0.093077
0.571143
0.485214
0.490627
0.075968
0.658542
0.055756
0.487349
0.431913
0.050664
0.351975
0.620963
0.567938
0.600412
0.461377
0.070929
0.143414
0.053255
0.871068
0.035604
0.128622
0.474195
0.048653
0.4182
0.16184
0.445264
0.042033
0.044819
0.443008
0.090666
0.485643
0.125654
0.598197
0.47064
0.504194
0.071955
0.584733
0.566858
0.093988
0.213858
0.555176
0.02317
0.670532
0.662169
0.462673
0.115553
0.137128
0.585568
0.576901
0.091115
0.171671
0.488405
0.590117
0.095128
0.466943
0.109992
0.07771
0.142377
0.549563
0.296001
0.392409
0.100917
0.064187
0.223563
0.047638
0.497584
0.246453
0.163283
0.166875
0.108668
0.15575
0.055986
0.561708
0.451203
0.652246
0.261252
0.068414
0.471057
0.470201
0.679476
0.093473
0.479417
0.653242
0.347975
0.458309
0.038836
0.481334
0.662169
0.10678
0.13208
0.032176
0.135936
0.36847
0.437939
0.477171
0.082221
0.586302
0.343074
0.106172
0.338519
0.389754
0.512951
0.613239
0.062685
0.172799
0.039751
0.111682
0.540651
0.139175
0.386841
0.273465
0.601833
0.383907
0.037518
0.162288
0.082199
0.602707
0.551197
0.070306
0.362186
0.563238
0.633421
0.424562
0.214982
0.018779
0.105088
0.282883
0.047455
0.145806
0.50585
0.225004
0.185635
0.399124
0.547159
0.53968
0.620306
0.55787
0.174968
0.677983
0.357407
0.494647
0.11106
0.082183
0.550261
0.468293
0.592565
0.600887
0.403707
0.396953
0.120741
0.289611
0.449473
0.517919
0.189588
0.521051
0.118077
0.065512
0.528951
0.166015
0.242943
0.417053
0.179066
0.536286
0.082481
0.045185
0.352818
0.154901
0.634812
0.192609
0.459087
0.441292
0.610613
0.383428
0.522704
0.492928
0.067986
0.472508
0.539594
0.067156
0.510373
0.088897
0.276692
0.630208
0.088911
0.490257
0.452667
0.141979
0.638087
0.222697
0.367061
0.27746
0.5693
0.140969
0.150745
0.563687
0.457305
0.509114
0.498478
0.456017
0.400839
0.68751
0.592245
0.136535
0.158114
0.162854
0.11661
0.548722
0.360223
0.58652
0.086561
0.062605
0.543768
0.469718
0.279058
0.091802
0.657798
0.326455
0.685085
0.616401
0.551922
0.251673
0.172548
0.512994
0.324522
0.514777
0.171764
0.183874
0.328309
0.068471
0.555233
0.025076
0.113045
0.404259
0.071886
0.086617
0.076452
0.138126
0.102512
0.251939
0.422286
0.465341
0.102912
0.204197
0.081218
0.716945
0.062976
0.096102
0.075662
0.397144
0.364676
0.660755
0.195877
0.136566
0.226779
0.543851
0.569209
0.653994
0.056
0.439206
0.427619
0.520435
0.392913
0.3116
0.279944
0.446485
0.100342
0.527987
0.55501
0.539133
0.273346
0.038135
0.115387
0.582392
0.52478
0.409191
0.298969
0.568386
0.537293
0.55721
0.455092
0.592752
0.496833
0.644218
0.231644
0.402588
0.503473
0.509345
0.066837
0.420829
0.530741
0.132277
0.381927
0.689604
0.23523
0.244499
0.630867
0.274298
0.614841
0.495403
0.252972
0.554794
0.090289
0.298079
0.59514
0.601983
0.458354
0.209237
0.567355
0.495558
0.088432
0.101677
0.483165
0.533264
0.452712
0.417925
0.566474
0.055468
0.694985
0.101501
0.226485
0.319861
0.268005
0.654676
0.021958
0.467841
0.504788
0.559845
0.498893
0.534512
0.612583
0.176599
0.58561
0.036045
0.431076
0.065902
0.104312
0.256153
0.401735
0.101416
0.558649
0.104045
0.07774
0.68048
0.449136
0.558747
0.603145
0.581288
0.355782
0.537599
0.087892
0.006256
0.062748
0.113628
0.674958
0.32333
0.15739
0.486111
0.060885
0.655536
0.521168
0.690414
0.091573
0.166306
0.224282
0.081167
0.72944
0.097517
0.556406
0.334574
0.358934
0.251737
0.326789
0.651015
0.535173
0.37265
0.115518
0.640769
1.136744
0.290379
0.579402
0.495057
0.551041
0.056243
0.110811
0.576342
0.067519
0.190784
0.613605
0.285781
0.593264
0.375854
0.139028
0.49835
0.113654
0.598623
0.347468
0.388789
0.138229
0.135155
0.335107
0.429537
0.033883
0.137992
0.016033
0.525483
0.280202
0.173263
0.196417
0.348928
0.61423
0.651281
0.472085
0.50451
0.511754
0.598529
0.454902
0.339468
0.120475
0.562063
0.439371
0.138588
0.238133
0.065243
0.434215
0.11645
0.620223
0.427636
1.264812
0.085596
0.049631
0.101594
0.137375
0.69033
0.522524
0.083605
0.562604
0.348797
0.571956
0.414201
0.052127
0.123247
0.045091
0.085574
0.057254
0.085858
0.149592
0.597072
0.499957
0.490603
0.416914
0.073582
0.067433
0.431667
0.108014
0.389445
0.526985
0.103836
0.611469
0.12954
0.384617
0.754867
0.710777
0.541018
0.172491
0.513933
0.08372
0.322872
0.590811
0.029699
0.42417
0.468223
0.42575
0.558479
0.205177
0.530076
0.27216
0.125269
0.04309
0.651429
0.613244
0.0361
0.05071
0.151469
0.645613
0.463707
0.628383
0.331536
0.102915
0.114329
0.11242
0.355813
0.637412
0.03558
0.505348
0.111233
0.183528
0.085967
0.069316
0.631425
0.6476
0.085247
0.533417
0.512589
0.492419
0.462353
0.035658
0.555525
0.545662
0.098114
0.610686
0.302422
0.064383
0.623062
0.447637
0.518556
0.032325
0.367275
0.712341
0.451118
0.359377
0.172704
0.605622
0.115828
0.341841
0.54631
0.146909
0.540106
0.489529
0.410131
0.29348
0.602745
0.339151
0.523459
0.732366
0.305975
0.36313
0.540981
0.533217
0.411437
0.356773
0.400123
0.504838
0.599531
0.077215
0.122012
0.147862
0.008409
0.340937
0.39333
0.053641
0.524613
0.479204
0.651776
0.516783
0.568123
0.131191
0.693812
0.243423
0.51515
0.233151
0.362307
0.695915
0.598996
0.54214
0.277299
0.266639
0.652925
0.250133
0.109883
0.13797
0.190515
0.237434
0.046545
0.44128
0.084088
0.091719
0.286928
0.62716
0.034688
0.084705
0.122148
0.148558
0.18116
0.13453
0.246676
0.101045
0.500877
0.183587
0.214545
0.296986
0.65991
0.414404
0.143357
0.514929
0.460271
0.527953
0.500925
0.107715
0.130717
0.517393
0.148999
0.322931
0.030864
0.450182
0.426306
0.510425
0.516929
0.098046
0.177086
0.438573
0.279561
0.032569
0.033454
0.244238
0.537408
0.458217
0.284045
0.641659
0.091689
0.215036
0.1479
0.668069
0.462456
0.444484
0.553462
0.576347
0.499432
0.531008
0.407158
0.253606
0.204553
0.449604
0.413866
0.184677
0.635589
0.01591
0.077794
0.116194
0.035651
0.126787
0.314673
0.154197
0.629438
0.657574
0.509139
0.463988
0.174636
0.507103
0.155862
0.603739
0.023911
0.362554
0.501665
0.19266
0.177114
0.344177
0.582911
0.209451
0.365062
0.523401
0.555648
0.483884
0.230545
0.431397
0.465223
0.688311
0.307963
0.389764
0.107615
0.547153
0.053203
0.148746
0.263001
0.5196
0.424564
0.136596
0.348394
0.259683
0.648793
0.167777
0.434035
0.517915
0.23548
0.547839
0.528966
0.62038
0.767585
0.515575
0.080284
0.114926
0.112611
0.316624
0.438641
0.488088
0.090059
0.175636
0.482647
0.138993
0.250217
0.452949
0.51436
0.016426
0.410601
0.119312
0.172013
0.004486
0.113031
0.148451
0.481593
0.605123
0.520587
0.4807
0.780261
0.595832
0.667815
0.590632
0.611476
0.344215
0.520938
0.235185
0.168852
0.468997
0.460748
0.464396
0.622279
0.079164
0.083051
0.498767
0.083303
0.522696
0.096625
0.523437
0.042814
0.56093
0.089298
0.366048
0.066776
0.702851
0.029637
0.429
0.671026
0.270273
0.13205
0.211933
0.500729
0.498855
0.627147
0.342149
0.448292
0.160683
0.557138
0.647454
0.691289
0.218957
0.746453
0.721721
0.018091
0.085964
0.732106
0.354851
0.492065
0.499307
0.566729
0.063514
0.732756
0.659862
0.630078
0.150222
0.428994
0.522638
0.225815
0.442036
0.171909
0.511765
0.50505
0.073282
0.710866
0.468023
0.406538
0.457971
0.076637
0.076093
0.262312
0.436075
0.486005
0.057152
0.157198
0.495843
0.167324
0.149118
0.049699
0.403572
0.042581
0.205034
0.552188
0.260731
0.350538
0.676402
0.121934
0.196676
0.067798
0.77003
0.496836
0.560812
0.538226
0.70375
0.746322
0.144776
0.326507
0.526066
0.112329
0.089704
0.059536
0.298612
0.589199
0.267491
0.063896
0.37803
0.158232
0.252265
0.153349
0.455049
0.589983
0.726843
0.557571
0.123723
0.587292
0.535959
0.323775
0.524439
0.061348
0.576104
0.434961
0.123317
0.341622
0.559794
0.458663
0.050604
0.072656
0.658787
0.679767
0.412101
0.428839
0.584792
0.59074
0.130858
0.015991
0.707993
0.642716
0.482786
0.032121
0.487084
0.267457
0.456878
0.386217
0.325693
0.070737
0.280374
0.27727
0.373583
0.552074
0.498905
0.172253
0.363718
0.146196
0.047987
0.172811
0.501089
0.512624
0.265472
0.518397
0.435302
0.34101
0.273134
0.366131
0.075064
0.137406
0.181104
0.049114
0.304813
0.294984
0.511769
0.167932
0.084372
0.22424
0.055059
0.498369
0.588091
0.226145
0.539788
0.305263
0.659593
0.611059
0.050139
0.112153
0.414839
0.079673
0.590906
0.544796
0.073217
0.727204
0.065047
0.480641
0.135037
0.156004
0.344051
0.56657
0.641819
0.53699
0.543505
0.334226
0.58229
0.540051
0.519053
0.124361
0.440888
0.142615
0.511416
0.087666
0.430794
0.381217
0.643082
0.149521
0.298587
0.099095
0.096492
0.228813
0.468022
0.080627
0.099583
0.465241
0.419929
0.585264
0.497141
0.224974
0.438022
0.495168
0.065173
0.42626
0.753027
0.356492
0.308413
0.279926
0.567813
0.167974
0.581876
0.297007
0.044389
0.341808
0.486762
0.096797
0.633425
0.027991
0.624016
0.506072
0.086364
0.631958
0.119508
0.044992
0.066742
0.195238
0.083737
0.362244
0.571255
0.521059
0.067251
0.465349
0.092084
0.112957
0.457063
0.494312
0.530832
0.318207
0.526948
0.118165
0.527825
0.079854
0.625571
0.282906
0.253239
0.386294
0.091159
0.460817
0.086878
0.468089
0.386552
0.562885
0.172487
0.041372
0.579513
0.500032
0.500939
0.64647
0.081277
0.510232
0.134839
0.517993
0.433193
0.384662
0.129846
0.508147
0.296326
0.236837
0.144992
0.501995
0.072237
0.460626
0.122431
0.490428
0.143468
0.40605
0.399383
0.108958
0.346869
0.107155
0.583723
0.125297
0.143778
0.499432
0.588273
0.60073
0.299454
0.523078
0.711647
0.217455
0.504791
0.020555
0.107184
0.138299
0.515188
0.210686
0.46723
0.438577
0.557014
0.352686
0.561416
0.486245
0.418779
0.613553
0.109548
0.599246
0.358066
0.120974
0.106905
0.489128
0.347007
0.189063
0.478903
0.438116
0.175796
0.361104
0.614582
0.24482
0.189156
0.07452
0.04297
0.404682
0.532549
0.494559
0.617202
0.675018
0.266964
0.290428
0.569573
0.29158
0.349632
0.120971
0.619553
0.354861
0.347928
0.120477
0.433051
0.635902
0.129486
0.161496
0.058331
0.123284
0.403346
0.556752
0.518158
0.103121
0.576666
0.399476
0.508907
0.661804
0.505795
0.201113
0.240354
0.249222
0.476855
0.592753
0.451859
0.088998
0.433377
0.560396
0.404929
0.506563
0.030691
0.514425
0.540705
0.4394
0.308065
0.269739
0.337717
0.258692
0.673263
0.468393
0.447883
0.12002
0.550958
0.568573
0.419079
0.470108
0.114448
0.631925
0.291398
0.611751
0.493109
0.134774
0.222362
0.500515
0.169873
0.078271
0.139674
0.093373
0.228121
0.061678
0.062969
0.469457
0.103058
0.102724
0.417955
0.461398
0.402629
0.500388
0.111125
0.442357
0.06594
0.485047
0.527055
0.448565
0.499502
0.318007
0.123437
0.19225
0.506627
0.068501
0.013428
0.156623
0.029874
0.597251
0.060779
0.470066
0.1179
0.438557
0.808027
0.063819
0.371229
0.01547
0.495827
0.45856
0.47264
0.61417
0.57242
0.122379
0.02795
0.845796
0.678805
0.474113
0.122092
0.354932
0.039435
0.236195
0.259343
0.310901
0.161945
0.094905
0.383056
0.153793
0.455471
0.357638
0.463163
0.572306
0.394133
0.540329
0.404238
0.573845
0.156883
0.110545
0.119314
0.648359
0.668541
0.150581
0.135815
0.179914
0.052792
0.129016
0.107315
0.550894
0.120019
0.554672
0.081665
0.463516
0.043429
0.565902
0.338367
0.393475
0.568896
0.209336
1.023149
0.477532
0.105341
0.346822
0.344622
0.311916
0.090399
0.353334
0.454305
0.059496
0.567924
0.08496
0.486058
0.141261
0.085457
0.107021
0.037457
0.547709
0.600334
0.467627
0.357891
0.071504
0.172284
0.24937
0.093341
0.076551
0.361425
0.074975
0.116799
0.091884
0.455576
0.651053
0.306094
0.236641
0.13966
0.254146
0.603572
0.190589
0.026891
0.158628
0.05668
0.520309
0.043308
0.715431
0.649569
0.570933
0.034949
0.695966
0.139056
0.10383
0.434011
0.473395
0.136771
0.052215
0.530753
0.37011
0.622733
0.411456
0.177881
0.76476
0.469492
0.10823
0.072053
0.232031
0.202026
0.547412
0.189936
0.448314
0.455243
0.099396
0.237815
0.575944
0.553005
0.662675
0.123844
0.107446
0.335968
0.048826
0.549991
0.612256
0.465335
0.478196
0.563861
0.51018
0.023715
0.064522
0.512516
0.072296
0.395601
0.422643
0.17506
0.29416
0.222244
0.590356
0.652542
0.143809
0.506206
0.595191
0.746308
0.364747
0.572064
0.459096
0.267191
0.146068
0.316373
0.625526
0.537683
0.643145
0.414351
0.499925
0.213066
0.089097
0.40352
0.213202
0.512936
0.038732
0.167925
0.249587
0.761422
0.576468
0.305514
0.456176
0.183199
0.255401
0.481365
0.165265
0.137865
0.353062
0.141858
0.034447
0.041281
0.70034
0.662366
0.197173
0.238578
0.492962
0.142362
0.295924
0.302098
0.308032
0.492741
0.515142
0.60534
0.153492
0.33849
0.028008
0.648186
0.588558
0.651484
0.469073
0.544612
0.435789
0.135053
0.212403
0.549157
0.483218
0.290796
0.369274
0.464666
0.276656
0.402843
0.548209
0.547544
0.656102
0.263114
0.335385
0.624603
0.632515
0.603915
0.405518
0.091502
0.052776
0.587005
0.551154
0.064301
0.669404
0.389607
0.561239
0.147466
0.487949
0.605223
0.503221
0.684749
0.372025
0.439339
0.33662
0.546794
0.520169
0.047946
0.285982
0.501709
0.50392
0.344074
0.559705
0.518233
0.551467
0.378464
0.147459
0.536096
0.48265
0.487542
0.073098
0.518726
0.205855
0.132382
0.105803
0.578504
0.450075
0.570123
0.119595
0.376561
0.605744
0.150232
0.48752
0.569618
0.30167
0.686729
0.48868
0.078272
0.165798
0.095842
0.31955
0.502496
0.768488
0.485965
0.201875
0.233186
0.50355
0.079577
0.090309
0.125521
0.12898
0.500047
0.311177
0.092213
0.555798
0.156012
0.469527
0.266725
0.605031
0.787371
0.068709
0.079731
0.115826
0.486239
0.509839
0.571448
0.688937
0.533881
0.325913
0.21111
0.52475
0.527202
0.360784
0.140194
0.617459
0.478695
0.119804
0.373076
0.129171
0.666634
0.130852
0.408285
0.26183
0.06829
0.603911
0.304767
0.073914
0.140603
0.54931
0.19595
0.365918
0.540547
0.481818
0.589126
0.399061
0.562428
0.073603
0.173537
0.567365
0.072747
0.415795
0.383095
0.630658
0.04069
0.624052
0.491759
0.310492
0.296052
0.615785
0.439808
0.349073
0.028658
0.052366
0.211864
0.466482
0.68446
0.552503
0.03303
0.112744
0.475856
0.08266
0.136117
0.599812
0.091064
0.445104
0.511024
0.571314
0.379489
0.145539
0.181753
0.632112
0.131899
0.478632
0.550804
0.400765
0.040076
0.534528
0.299757
0.529669
0.12886
0.506182
0.420534
0.023367
0.501947
0.063031
0.62885
0.277252
0.547173
0.065268
0.086419
0.31173
0.009089
0.067653
0.569409
0.28146
0.086669
0.143452
0.322758
0.35916
0.429619
0.062203
0.596404
0.501455
0.049026
0.096647
0.078404
0.075247
0.083284
0.39076
0.027914
0.61301
0.485983
0.596784
0.457888
0.117166
0.42383
0.604952
0.281304
0.533032
0.233111
0.292254
0.080913
0.343625
0.201709
0.303324
0.609663
0.430835
0.030188
0.11283
0.121952
0.035993
0.663299
0.512245
0.084583
0.279082
0.393627
0.351722
0.658596
0.462391
0.060396
0.388093
0.084788
0.074952
0.14454
0.334055
0.116421
0.488271
0.511735
0.241019
0.487142
0.606345
0.123741
0.325527
0.522507
0.277583
0.151629
0.429092
0.104716
0.290295
0.155882
0.566848
0.484941
0.069788
0.60088
0.053513
0.556182
0.115094
0.117254
0.075833
0.068283
0.339957
0.553087
0.456535
0.529468
0.32766
0.509359
0.265374
0.26475
0.034469
0.1971
0.552737
0.392097
0.557006
0.154799
0.647196
0.285654
0.056412
0.131544
0.142786
0.504939
0.368263
0.451053
0.094089
0.618398
0.458844
0.585286
0.666289
0.365931
0.078762
0.584669
0.194223
0.027844
0.541883
0.231321
0.108549
0.485359
0.434068
0.546598
0.48318
0.121693
0.659277
0.492809
0.502238
0.010488
0.474165
0.023988
0.450407
0.565539
0.38616
0.576585
0.106873
0.614428
0.559368
0.548562
0.598297
0.445362
0.577318
0.498742
0.172256
0.036332
0.361096
0.366057
0.597459
0.551687
0.31194
0.655704
0.057588
0.273106
0.104904
0.337345
0.582937
0.108864
0.429116
0.015607
0.499286
0.462349
0.093601
0.51821
0.194594
0.072003
0.517955
0.317614
0.052359
0.37958
0.533409
0.258196
0.679988
0.590552
0.603029
0.077109
0.507577
0.383433
0.267844
0.080872
0.408264
0.475214
0.061739
0.601491
0.553552
0.460473
0.631395
0.71002
0.199223
0.632818
0.492327
0.036736
0.698573
0.566594
0.398979
0.319633
0.076681
0.358159
0.173079
0.028166
0.388946
0.064408
0.172055
0.118021
0.535671
0.53636
0.044716
0.495793
0.673235
0.561978
0.280878
0.328228
0.225452
0.028014
0.322398
0.14461
0.56226
0.090033
0.260721
7.2e-05
0.603446
0.074203
0.257794
0.553885
0.551204
0.411106
0.546499
0.58924
0.03008
0.480824
0.405863
0.504534
0.579397
0.02871
0.546131
0.710878
0.608962
0.475462
0.714294
0.160969
0.572204
0.238422
0.514038
0.483613
0.59679
0.424927
0.435799
0.339471
0.483262
0.209829
0.546155
0.641394
0.06182
0.500847
0.075918
0.456181
0.529639
0.669193
0.065755
0.169532
0.372488
0.579871
0.473382
0.518626
0.611515
0.490549
0.350515
0.61477
0.225614
0.358207
0.32012
0.086199
0.539815
0.479395
0.131948
0.209926
0.078699
0.109185
0.306441
0.491265
0.088413
0.104618
0.392876
0.09585
0.59343
0.408212
0.102576
0.352547
0.540164
0.510978
0.443811
0.522213
0.115401
0.274553
0.26492
0.575093
0.076617
0.66807
0.106855
0.018
0.272658
0.257188
0.510691
0.0509
0.629925
0.656131
0.255822
0.07344
0.366344
0.267366
0.101108
0.191727
0.549477
0.121202
0.027756
0.047361
0.145939
0.291502
0.534828
0.119365
0.119215
0.568435
0.04236
0.070661
0.077947
0.038792
0.066236
0.223281
0.334956
0.116078
0.350326
0.493043
0.404769
0.086156
0.06264
0.100998
0.393611
0.212966
0.688279
0.570392
0.108761
0.519083
0.217966
0.690367
0.336756
0.528659
0.645605
0.025318
0.105262
0.83732
0.168356
0.132535
0.246012
0.594356
0.248673
0.147154
0.528055
0.458517
0.47585
0.606776
0.443968
0.02305
0.159253
0.701952
0.524213
0.478562
0.403202
0.340282
0.110963
0.732274
0.510682
0.479063
0.063404
0.265404
0.098892
0.071002
0.573851
0.082466
0.078616
0.512563
0.511971
0.051796
0.150961
0.647143
0.760373
0.287733
0.642576
0.476276
0.613797
0.431449
0.108465
0.415206
0.450336
0.682804
0.563351
0.326164
0.461688
0.689605
0.617677
0.453719
0.49377
0.146363
0.315999
0.104979
0.548621
0.125697
0.591522
0.092415
0.622323
0.409545
0.254495
0.571795
0.113976
0.078266
0.12669
0.565444
0.696257
0.506725
0.554593
0.459455
0.151364
0.420854
0.511857
0.3234
0.441577
0.672898
0.510048
0.332074
0.526565
0.361591
0.132675
0.9735
0.112305
0.149222
0.181503
0.082769
0.425623
0.095166
0.107485
0.099642
0.513744
0.274028
0.547395
0.356197
0.131291
0.285951
0.101616
0.465615
0.301086
0.24804
0.137521
0.582809
0.005673
0.310531
0.352156
0.077594
0.516393
0.508889
0.064394
0.033329
0.530673
0.554848
0.497626
0.079608
0.247662
0.447098
0.065812
0.094335
0.613034
0.28104
0.360101
0.330641
0.389078
0.074316
0.176547
0.576323
0.36302
0.507136
0.225459
0.541809
0.323055
0.541652
0.106881
0.442294
0.13249
0.031611
0.157718
0.575508
0.097684
0.616249
0.105743
0.090254
0.188271
0.323396
0.320004
0.110056
0.499006
0.650185
0.534182
0.635567
0.500129
0.170914
0.290354
0.454146
0.580833
0.448925
0.228711
0.498649
0.613496
0.460596
0.330899
0.329211
0.209652
0.095922
0.262023
0.134747
0.131135
0.522515
0.111712
0.613473
0.123112
0.329747
0.02837
0.256838
0.476238
0.371315
0.329896
0.547459
0.148591
0.554807
0.041413
0.055441
0.215868
0.541234
0.614277
0.279055
0.153432
0.027034
0.591018
0.4083
0.541541
0.702571
0.065951
0.531616
0.083349
0.563467
0.102067
0.512425
0.524407
0.064571
0.138648
0.383327
0.053362
0.444893
0.275795
0.31368
0.108779
0.34878
0.268638
0.064399
0.505494
0.04492
0.574301
0.054266
0.494326
0.426046
0.457082
0.644764
0.241877
0.352488
0.207361
0.382556
0.43196
0.207148
0.328124
0.507016
0.330626
0.494615
0.392118
0.451953
0.255704
0.098015
0.58292
0.471013
0.125015
0.050693
0.631184
0.040268
0.4351
0.166631
0.299637
0.422974
0.349639
0.165461
0.197526
0.070801
0.318316
0.534531
0.110811
0.550407
0.135145
0.116354
0.214476
0.594985
0.281388
0.128944
0.545527
0.569967
0.660226
0.228927
0.601713
0.678142
0.36699
0.141844
0.336629
0.501262
0.144948
0.273371
0.508363
0.479251
0.335692
0.474579
0.416078
0.17672
0.265901
0.101298
0.622192
0.592747
0.073074
0.356402
0.109314
0.124613
0.603549
0.645644
0.605585
0.208768
0.368257
0.228263
0.48775
0.047926
0.363393
0.139541
0.593784
0.3278
0.197487
0.196915
0.042831
0.426219
0.684817
0.06696
0.114527
0.434557
0.260252
0.286432
0.573763
0.15142
0.714702
0.655126
0.262963
0.489785
0.166853
0.135521
0.149784
0.08625
0.579612
0.352567
0.148184
0.567077
0.456722
0.125799
0.39681
0.607887
0.391263
0.118706
0.021938
0.458246
0.557526
0.334225
0.487777
0.580421
0.216335
0.677929
0.11229
0.507232
0.331817
0.06765
0.296279
0.124664
0.230277
0.106946
0.168861
0.521471
0.098899
0.040093
0.061119
0.786491
0.073802
0.523842
0.114688
0.079043
0.66774
0.598806
0.480992
0.477297
0.536716
0.605654
0.122514
0.103916
0.540225
0.339565
0.621329
0.259227
0.116888
0.621838
0.114276
0.1322
0.770744
0.466465
0.711797
0.628421
0.048832
0.415765
0.340404
0.083833
0.32292
0.599571
0.502052
0.103841
0.12836
0.480564
0.524511
0.452232
0.589603
0.051517
0.575187
0.228526
0.653825
0.353489
0.487214
0.574084
0.306394
0.556062
0.570723
0.093445
0.504908
0.380848
0.124072
0.352321
0.003238
0.383728
0.75123
0.495955
0.521651
0.59895
0.400455
0.275828
0.499182
0.244331
0.570442
0.136562
0.041015
0.186712
0.048894
0.570254
0.537343
0.035212
0.485827
0.312918
0.267912
0.64912
0.402851
0.035517
0.697266
0.331325
0.483559
0.468538
0.329434
0.266554
0.461385
0.114447
0.101762
0.073453
0.518955
0.227822
0.645893
0.510129
0.490379
0.427715
0.028992
0.067757
0.387794
0.356535
0.583058
0.004485
0.557747
0.335733
0.074128
0.444567
0.630138
0.262216
0.57788
0.507013
0.33304
0.107982
0.41429
0.538174
0.024281
0.151559
0.571527
0.273941
0.285047
0.294471
0.588107
0.50883
0.263878
0.186209
0.608595
0.116439
0.043012
0.401209
0.331792
0.68584
0.609278
0.004628
0.459369
0.123068
0.055348
0.140166
0.529572
0.406671
0.126486
0.487676
0.099091
0.442231
0.076058
0.48977
0.460568
0.318455
0.120118
0.180342
0.139451
0.379189
0.750692
0.548029
0.419334
0.55362
0.234014
0.102178
0.497589
0.077122
0.749391
0.65467
0.504338
0.312377
0.328343
0.528792
0.606988
0.191724
0.401093
0.58956
0.458174
0.128013
0.334255
0.089529
0.025259
0.496398
0.532584
0.595019
0.125128
0.201768
0.56239
0.098912
0.618618
0.526076
0.178133
0.244447
0.094225
0.473009
0.453002
0.110741
0.541324
0.080304
0.316041
0.084613
0.082536
0.321193
0.416035
0.445912
0.367072
0.315164
0.257704
0.167445
0.517945
0.11843
0.374946
0.589221
0.095037
0.458424
0.394924
0.163108
0.285958
0.489399
0.148336
0.085289
0.529641
0.056273
0.165975
0.399702
0.054814
0.408836
0.513296
0.379945
0.614905
0.27741
0.495414
0.268031
0.092242
0.315283
0.661304
0.065161
0.114522
0.141189
0.628017
0.572033
0.134331
0.322396
0.441748
0.473528
0.212566
0.591358
0.104798
0.429842
0.514159
0.242026
0.482066
0.111321
0.450142
0.581234
0.628887
0.044901
0.517419
0.122824
0.542435
0.426556
0.391825
0.069625
0.556066
0.526008
0.132125
0.505721
0.117157
0.491135
0.384644
0.751421
0.129081
0.047188
0.561646
0.626774
0.124139
0.494178
0.44495
0.385856
0.161985
0.378995
0.44532
0.616918
0.043932
0.579565
0.23148
0.087599
0.234169
0.129054
0.401204
0.108415
0.293623
0.53429
0.283883
0.599993
0.196703
0.292223
0.558021
0.560877
0.661372
0.181923
0.364491
0.512463
0.131696
0.02623
0.059579
0.393696
0.575147
0.514226
0.33824
0.561234
0.429116
0.499984
0.411868
0.497606
0.580415
0.273294
0.390849
0.538264
0.19429
0.653886
0.244835
0.302453
0.532597
0.509331
0.412961
0.439261
0.584761
0.054583
0.300823
0.124181
0.660026
0.103273
0.383817
0.479092
0.061045
0.118672
0.354902
0.431306
0.531027
0.658172
0.070609
0.057316
0.526663
0.554143
0.589276
0.4945
0.558199
0.116826
0.152709
0.643628
0.238354
0.103744
0.486104
0.486527
0.145834
0.330871
0.445897
0.065156
0.037876
0.683371
0.540679
0.558176
0.584371
0.175953
0.230729
0.086912
0.55076
0.580838
0.558445
0.177253
0.087774
0.498991
0.665487
0.098284
0.586734
0.67253
0.259333
0.358349
0.072491
0.492364
0.067649
0.348361
0.553778
0.404568
0.13766
0.611281
0.066151
0.078781
0.579161
0.122794
0.539693
0.098429
0.606758
0.517815
0.426529
0.204361
0.153135
0.565211
0.106311
0.345978
0.512739
0.721607
0.546605
0.762499
0.520842
0.634724
0.552219
0.270062
0.254324
0.33955
0.498215
0.498765
0.676668
0.069817
0.197069
0.58474
0.378069
0.442226
0.125171
0.589084
0.476922
0.395587
0.425651
0.561018
0.641249
0.214679
0.523468
0.491763
0.449038
0.515683
0.426809
0.701037
0.085657
0.170282
0.108714
0.118234
0.067553
0.236155
0.512836
0.557686
0.23348
0.125459
0.226556
0.546038
0.19967
0.738865
0.452391
0.480947
0.123661
0.426855
0.081216
0.121088
0.133277
0.34391
0.047081
0.529316
0.025581
0.49702
0.160894
0.480305
0.597275
0.114354
0.338731
0.041657
0.587806
0.077718
0.276561
0.471844
0.648864
0.316535
0.212521
0.047887
0.058747
0.456662
0.324868
0.070486
0.066496
0.274553
0.590439
0.166211
0.104067
0.183293
0.42271
0.134774
0.462707
0.158325
0.600683
0.204473
0.081557
0.534605
0.586682
0.480751
0.253945
0.533258
0.268937
0.466974
0.622707
0.136656
0.554647
0.468668
0.134584
0.591158
0.120483
0.11926
0.251108
0.137548
0.572569
0.273108
0.059306
0.057306
0.41838
0.067636
0.095941
0.10026
0.15879
0.494153
0.542814
0.280523
0.607369
0.14416
0.068693
0.02955
0.308174
0.19204
0.530932
0.678394
0.168243
0.085364
0.641005
0.464412
0.133293
0.070956
0.488573
0.654389
0.2785
0.524507
0.143093
0.052435
0.59058
0.036491
0.067403
0.187109
0.500229
0.344175
0.329578
0.512126
0.068495
0.110726
0.299478
0.153236
0.182926
0.533103
0.630926
0.151086
0.201043
0.158639
0.528764
0.486947
0.618435
0.635383
0.658584
0.341016
0.182125
0.528264
0.075815
0.573047
0.621292
0.488263
0.255639
0.098249
0.339689
0.591812
0.664649
0.645896
0.482164
0.479203
0.579373
0.200849
0.33173
0.157107
0.446468
0.320594
0.470608
0.551374
0.126261
0.293367
0.148023
0.540774
0.486095
0.129665
0.212724
0.308072
0.169821
0.0722
0.240362
0.098795
0.507903
0.45951
0.302853
0.597238
0.346906
0.124611
0.556955
0.13611
0.540454
0.5785
0.084596
0.601104
0.109431
0.144232
0.097763
0.598843
0.306373
0.265409
0.093146
0.57719
0.040117
0.594881
0.374964
0.100848
0.685382
0.133168
0.350184
0.338297
0.068092
0.017791
0.55026
0.155364
0.517984
0.512557
0.103009
0.276075
0.143336
0.494051
0.254679
0.285726
0.310817
0.088739
0.611332
0.040673
0.561081
0.407877
0.168669
0.023258
0.716707
0.329387
0.551142
0.400411
0.114796
0.299972
0.543251
0.629825
0.645633
0.51846
0.151153
0.051875
0.076471
0.062617
0.347409
0.561121
0.486558
0.708957
0.358712
0.098893
0.321382
0.741309
0.125104
0.093072
0.466269
0.207775
0.406862
0.624069
0.6027
0.52209
0.22803
0.482584
0.287862
0.079177
0.411979
0.493451
0.06593
0.475712
0.117475
0.407651
0.132898
0.11474
0.457697
0.61365
0.114846
0.114965
0.471024
0.521448
0.543836
0.17378
0.360754
0.143471
0.109493
0.122054
0.507531
0.106101
0.616609
0.197439
0.072982
0.511854
0.659044
0.26227
0.075359
0.076094
0.116418
0.572267
0.193785
0.326285
0.14437
0.549954
0.685809
0.151259
0.545364
0.565745
0.57556
0.077335
0.518316
0.327467
0.49755
0.086476
0.533777
0.287376
0.500472
0.161614
0.707507
0.57118
0.451389
0.13773
0.567262
0.643663
0.130653
0.087827
0.08846
0.022103
0.398297
0.536062
0.132695
0.2414
0.117161
0.648494
0.507849
0.629921
0.033917
0.435483
0.382295
0.37732
0.396866
0.499991
0.529339
0.497544
0.463059
0.106567
0.086499
0.02992
0.099785
0.58128
0.321464
0.593942
0.043681
0.505048
0.545804
0.6609
0.345694
0.518794
0.389163
0.588751
0.167366
0.629356
0.166715
0.495342
0.599916
0.545314
0.08879
0.513717
0.467601
0.713319
0.400562
0.503272
0.188297
0.397582
0.454207
0.382896
0.63368
0.624032
0.080426
0.465596
0.586053
0.604698
0.542198
0.570481
0.596264
0.065942
0.118106
0.50423
0.709755
0.325137
0.160302
0.138003
0.052383
0.079971
0.532782
0.637332
0.311118
0.126556
0.516636
0.517231
0.067957
0.382525
0.209838
0.069979
0.507087
0.088868
0.520358
0.556525
0.368536
0.59722
0.600937
0.578083
0.630798
0.370176
0.501957
0.538888
0.031971
0.621707
0.054487
0.548421
0.628609
0.442466
0.078394
0.571884
0.264442
0.282855
0.463997
0.66267
0.138186
0.360695
0.554863
0.023425
0.272134
0.463222
0.519903
0.665418
0.126401
0.59198
0.531627
0.528487
0.152597
0.393779
0.148309
0.551339
0.535699
0.605531
0.037477
0.115591
0.559004
0.564156
0.628445
0.13523
0.726115
0.511268
0.481551
0.381026
0.061637
0.145272
0.110349
0.365189
0.607635
0.312291
0.076937
0.072896
0.478364
0.134608
0.512695
0.396431
0.148443
0.085461
0.478097
0.113786
0.373778
0.099298
0.349858
0.667928
0.408619
0.445966
0.539383
0.563353
0.172573
0.567354
0.081659
0.73484
0.354685
0.666924
0.141616
0.142133
0.359665
0.616835
0.599947
0.465259
0.181153
0.096747
0.052299
0.45675
0.612018
0.327066
0.532742
0.467762
0.292996
0.631954
0.257127
0.541541
0.617677
0.782175
0.23911
0.199909
0.499502
0.062684
0.022698
0.490315
0.647267
0.414931
0.548337
0.22473
0.032664
0.347726
0.492452
0.498759
0.409755
0.261418
0.544392
0.478024
0.353697
0.028323
0.648494
0.079082
0.596991
0.209571
0.119016
0.186118
0.203924
0.073198
0.506073
0.638011
0.546227
0.248051
0.457113
0.084239
0.225583
0.514821
0.770854
0.510879
0.06055
0.491661
0.075844
0.093439
0.605672
0.155328
0.512315
0.084611
0.501392
0.638626
0.098949
0.399503
0.492094
0.099001
0.357675
0.540884
0.485429
0.515878
0.098496
0.144765
0.318394
0.120809
0.174972
0.618012
0.018453
0.544206
0.100477
0.112746
0.464816
0.12151
0.265497
0.470561
0.512243
0.436256
0.075672
0.139629
0.030082
0.35652
0.546013
0.489102
0.114906
0.04073
0.17463
0.277481
0.331315
0.290217
0.371975
0.157329
0.233762
0.146727
0.584264
0.600822
0.552849
0.458085
0.518934
0.250216
0.363198
0.506563
0.537294
0.050688
0.093235
0.044032
0.35991
0.46745
0.553901
0.097353
0.092651
0.118214
0.375527
0.127137
0.28814
0.495984
0.488843
0.588354
0.431956
0.104384
0.593458
0.600057
0.756663
0.608356
0.233456
0.463066
0.486332
0.493991
0.444649
0.024311
0.778578
0.173175
0.555938
0.615167
0.524686
0.123878
0.16293
0.202987
0.543459
0.431491
0.620881
0.055568
0.559077
0.656882
0.570032
0.554265
0.696017
0.562805
0.549652
0.467843
0.28067
0.577979
0.274124
0.445437
0.273099
0.548294
0.588882
0.527812
0.146409
0.10995
0.13918
0.117512
0.215617
0.390235
0.469819
0.343046
0.078851
0.097798
0.568529
0.583691
0.401746
0.603231
0.277336
0.116099
0.473155
0.510711
0.116248
0.202839
0.101127
0.475906
0.381683
0.448353
0.099463
0.42662
0.36753
0.638894
0.325462
0.099512
0.648508
0.050635
0.169936
0.559473
0.491101
0.463901
0.609525
0.120315
0.119748
0.031609
0.59572
0.102
0.656944
0.163519
0.032918
0.032831
0.46158
0.10099
0.587395
0.162288
0.339264
0.529351
0.587769
0.259686
0.220619
0.066873
0.570602
0.411357
0.545798
0.129897
0.107444
0.067664
0.462088
0.531
0.362165
0.149111
0.134942
0.242627
0.069527
0.138344
0.381334
0.443266
0.439143
0.070808
0.584202
0.045156
0.196697
0.504818
0.037974
0.776463
0.169881
0.359425
0.580049
0.052546
0.122817
0.323018
0.565967
0.656415
0.933502
0.050307
0.555478
0.11869
0.590306
0.050837
0.555443
0.083539
0.540977
0.073869
0.435593
0.077719
0.540271
0.097439
0.345655
0.443447
0.047659
0.66642
0.121278
0.122701
0.412871
0.671374
0.082773
0.506136
4.8e-05
0.708482
0.164243
0.181749
0.332546
0.320991
0.525358
0.421046
0.510018
0.086012
0.388569
0.728011
0.508447
0.134931
0.469294
0.37334
0.067475
0.133837
0.084841
0.078466
0.421481
0.400399
0.01464
0.498858
0.096589
0.375627
0.223125
0.133947
0.480133
0.772363
0.052503
0.473151
0.622955
0.421548
0.030605
0.349432
0.226246
0.050321
0.679045
0.590446
0.514119
0.056168
0.192945
0.166977
0.442212
0.575252
0.024978
0.333025
0.122954
0.46767
0.175654
0.098569
0.06644
0.19663
0.982403
0.915047
0.114637
0.277558
0.515563
0.461863
0.606538
0.398473
0.029692
0.43141
0.72468
0.228143
0.104321
0.117093
0.343334
0.350614
0.549437
0.483709
0.446325
0.44834
0.078421
0.3417
0.322052
0.000607
0.537451
0.557313
0.04297
0.629506
0.681332
0.180258
0.477604
0.065255
0.515066
0.453846
0.450707
0.032173
0.536944
0.965469
0.125477
0.309807
0.550175
0.545666
0.70357
0.178928
0.516207
0.14982
0.714753
0.032576
0.430538
0.470807
0.188914
0.720574
0.516987
0.265348
0.177893
0.627825
0.686941
0.631803
0.400662
0.53878
0.419103
0.514743
0.126058
0.215862
0.477258
0.583173
0.463632
0.631206
0.172079
0.045154
0.574635
0.625572
0.118693
0.639119
0.478579
0.111349
0.496402
0.697997
0.583484
0.543013
0.029072
0.083935
0.518934
0.02097
0.154542
0.525346
0.482457
0.542866
0.49726
0.499871
0.53855
0.139123
0.442887
0.705725
0.101682
0.061423
0.461051
0.389115
0.25848
0.080836
0.654451
0.079278
0.35529
0.06111
0.02193
0.621221
0.577526
0.114332
0.323007
0.282304
0.085409
0.271168
0.601279
0.610339
0.628064
0.543974
0.06046
0.099209
0.413609
0.541898
0.205921
0.508219
0.443287
0.490732
0.329944
0.56061
0.277493
0.571873
0.392206
0.108907
0.563185
0.155796
0.520701
0.667194
0.17799
0.438941
0.104312
0.388113
0.059985
0.105495
0.7346
0.530706
0.594934
0.473131
0.489791
0.151472
0.17487
0.565923
0.583735
0.074556
0.041896
0.564788
0.170475
0.345318
0.109205
0.060708
0.806711
0.494327
0.593604
0.506972
0.450433
0.193393
0.485863
0.132471
0.086019
0.45205
0.744283
0.44696
