0.752707
0.227128
0.481033
0.565293
0.050913
0.553144
0.385593
0.348824
0.43137
0.114258
0.13333
0.754706
0.024908
0.529893
0.62176
0.48605
0.549913
0.150425
0.689879
0.639941
0.748879
0.614526
0.061519
0.053691
0.111883
0.555696
0.055529
0.07582
0.08497
0.024912
0.073869
0.054072
0.33958
0.521793
0.69247
0.427367
0.208705
0.47772
0.556782
0.087248
0.507221
0.075366
0.564374
0.115494
0.120767
0.278625
0.072157
0.686
0.452588
0.451075
0.467265
0.1571
0.093347
0.135578
0.643426
0.585126
0.587988
0.121806
0.360247
0.440257
0.66104
0.349408
0.313016
0.20972
0.342687
0.14751
0.214758
0.07051
0.512063
0.281663
0.092846
0.119295
0.094482
0.587614
0.078447
0.125019
0.677335
0.499497
0.560305
0.374509
0.650893
0.559583
0.466386
0.485126
0.561385
0.44097
0.393504
0.45402
0.624563
0.082033
0.372303
0.653713
0.497529
0.389501
0.389811
0.594586
0.196309
0.476666
0.285978
0.059042
0.340931
0.578727
0.423016
0.06929
0.649671
0.291103
0.398741
0.247813
0.493615
0.242519
0.33001
0.114629
0.645446
0.332076
0.124293
0.170064
0.480678
0.328406
0.102362
0.548544
0.485935
0.608483
0.620718
0.671192
0.104481
0.674463
0.18837
0.144696
0.333927
0.18801
0.100359
0.328587
0.559298
0.558414
0.123475
0.051443
0.628503
0.057317
0.091769
0.569215
0.520939
0.504434
0.577171
0.486167
0.619309
0.061757
0.053786
0.362418
0.455661
0.499466
0.219787
0.453289
0.470197
0.049499
0.461966
0.500463
0.175757
0.048716
0.116826
0.467697
0.49909
0.390753
0.114075
0.853331
0.243135
0.130658
0.769799
0.604602
0.236794
0.539571
0.474255
0.053547
0.169903
0.262736
0.068954
0.142724
0.046685
0.284168
0.162207
0.276595
0.039069
0.031006
0.30408
0.337055
0.650101
0.137221
0.098221
0.515852
0.608118
0.085952
0.073003
0.56845
0.580637
0.304626
0.564365
0.202184
0.474138
0.334945
0.360875
0.438268
0.416754
0.42432
0.614926
0.360118
0.237608
0.53542
0.440429
0.227568
0.64872
0.18556
0.105611
0.562724
0.232739
0.647929
0.596059
0.670254
0.521752
0.833194
0.181992
0.134402
0.56586
0.641607
0.107593
0.593952
0.551511
0.409668
0.535364
0.056492
0.097213
0.340432
0.203009
0.454218
0.522215
0.349749
0.166637
0.101611
0.463491
0.477234
0.304299
0.285505
0.260025
0.39855
0.573462
0.270087
0.493962
0.063572
0.512984
0.289037
0.117989
0.136494
0.332369
0.129957
0.400349
0.529778
0.506153
0.389836
0.612261
0.486362
0.278351
0.071769
0.430108
0.787297
0.816285
0.08758
0.109387
0.07946
0.513158
0.263082
0.543984
0.623228
0.321767
0.262219
0.256797
0.441132
0.174734
0.300624
0.55778
0.497234
0.106091
0.479912
0.158591
0.250825
0.107167
0.120004
0.542011
0.556237
0.526289
0.235356
0.537737
0.545209
0.397719
0.509758
0.443466
0.265953
0.28597
0.073806
0.062654
0.077633
0.12465
0.622703
0.19877
0.529059
0.29011
0.142382
0.114229
0.07639
0.641346
0.524838
0.056774
0.516841
0.092136
0.561439
0.054316
0.584244
0.48535
0.508507
0.352352
0.154385
0.330215
0.259453
0.53674
0.524912
0.002955
0.138434
0.05799
0.056604
0.091224
0.037093
0.601954
0.123559
0.108338
0.453337
0.688285
0.540341
0.210075
0.123333
0.475385
0.528293
0.669725
0.553984
0.580873
0.528661
0.383674
0.574499
0.531488
0.59721
0.48164
0.04869
0.08773
0.392821
0.543397
0.08264
0.525929
0.113117
0.528666
0.139172
0.31681
0.162389
0.498368
0.636313
0.152865
0.692962
0.165687
0.186267
0.371851
0.555552
0.047015
0.543453
0.322557
0.040356
0.586216
0.076622
0.137997
0.15764
0.447427
0.180034
0.526867
0.086547
0.067341
0.472684
0.26914
0.402242
0.497557
0.46413
0.429926
0.223354
0.655468
0.34787
0.119122
0.081316
0.619473
0.034335
0.448947
0.487497
0.090396
0.507781
0.579361
0.545831
0.114232
0.172976
0.167036
0.596514
0.122332
0.301796
0.554793
0.079447
0.24668
0.08419
0.480439
0.111572
0.443254
0.02747
0.137141
0.483008
0.214266
0.45917
0.067508
0.026851
0.287115
0.417259
0.093699
0.222428
0.364057
0.070503
0.088211
0.061257
0.096703
0.081058
0.09509
0.5548
0.463087
0.146389
0.043491
0.658914
0.218568
0.675888
0.266987
0.230979
0.186599
0.074313
0.174992
0.022097
0.484006
0.416685
0.052005
0.328507
0.186339
0.129962
0.08018
0.352685
0.082708
0.092701
0.07694
0.471201
0.562741
0.063042
0.217359
0.34354
0.096907
0.194344
0.142005
0.021295
0.404959
0.447105
0.06737
0.15084
0.14641
0.154793
0.079928
0.709289
0.431521
0.152922
0.109733
0.175013
0.143717
0.080291
0.114454
0.167152
0.590102
0.210265
0.195326
0.266743
0.557031
0.559222
0.653721
0.62588
0.431549
0.583032
0.076278
0.44847
0.198504
0.326183
0.210169
0.264507
0.362669
0.425312
0.448469
0.532617
0.237892
0.379764
0.650256
0.15595
0.33848
0.606594
0.28861
0.195956
0.126114
0.439754
0.19387
0.597672
0.087288
0.176498
0.572049
0.487637
0.179377
0.104738
0.509994
0.071614
0.076736
0.399658
0.059973
0.219287
0.059644
0.530974
0.46164
0.568073
0.232427
0.625959
0.074832
0.568917
0.509681
0.145055
0.560863
0.259656
0.124759
0.154096
0.604554
0.102804
0.007465
0.056738
0.188162
0.191238
0.531935
0.457757
0.758605
0.592086
0.518934
0.178997
0.52401
0.081349
0.081364
0.1346
0.53867
0.359678
0.56173
0.550829
0.631369
0.013262
0.594664
0.795005
0.312189
0.344692
0.373045
0.050333
0.596779
0.110249
0.565873
0.611324
0.511441
0.507737
0.653349
0.320237
0.358663
0.201638
0.150375
0.599492
0.387969
0.569137
0.011742
0.326942
0.547098
0.052752
0.072865
0.095919
0.400072
0.385692
0.560464
0.473861
0.504303
0.281985
0.595305
0.572445
0.476498
0.107716
0.547339
0.149906
0.463437
0.640903
0.227603
0.191421
0.490492
0.511105
0.574997
0.157293
0.157164
0.526975
0.076575
0.576517
0.513284
0.075952
0.076124
0.547915
0.379849
0.111411
0.540236
0.076603
0.511818
0.534206
0.506291
0.137505
0.109322
0.328206
0.123452
0.071615
0.148658
0.478588
0.567577
0.456493
0.623976
0.375506
0.653249
0.272494
0.514202
0.470496
0.037833
0.512939
0.359433
0.598598
0.605495
0.119984
0.475898
0.174934
0.585678
0.460925
0.545165
0.52768
0.498465
0.06314
0.367155
0.02172
0.564711
0.646811
0.020115
0.270184
0.616424
0.551794
0.526465
0.028516
0.027921
0.048027
0.521252
0.550203
0.239976
0.350313
0.186906
0.310324
0.124063
0.66436
0.511323
0.087349
0.239167
0.322866
0.128101
0.101343
0.130965
0.474795
0.11319
0.088414
0.466927
0.443601
0.341235
0.697958
0.459392
0.055047
0.332166
0.507654
0.132217
0.119912
0.555935
0.082013
0.026601
0.437153
0.19147
0.202926
0.12878
0.54632
0.032272
0.257569
0.118463
0.422612
0.045664
0.52406
0.500232
0.559312
0.351289
0.151008
0.091604
0.046895
0.419203
0.558161
0.467988
0.359789
0.471466
0.066836
0.057448
0.387976
0.180352
0.580184
0.067659
0.073788
0.504122
0.108491
0.15357
0.596238
0.599513
0.674079
0.41707
0.558369
0.36267
0.152825
0.329174
0.074752
0.110614
0.354434
0.29582
0.021792
0.280521
0.41518
0.075321
0.528907
0.030408
0.04368
0.376617
0.492973
0.13853
0.504885
0.136209
0.12337
0.134405
0.118131
0.514209
0.487664
0.454666
0.420486
0.408181
0.535562
0.619112
0.092471
0.476621
0.05708
0.19941
0.536602
0.047643
0.441163
0.298669
0.4621
0.596078
0.58932
0.496557
0.650943
0.096295
0.618454
0.158825
0.052325
0.141149
0.590581
0.41702
0.33724
0.552332
0.543098
0.502111
0.295658
0.406283
0.061041
0.465708
0.484099
0.535267
0.080136
0.081105
0.309723
0.513543
0.394632
0.134411
0.540121
0.263087
0.069774
0.709199
0.095672
0.161405
0.031456
0.549504
0.501481
0.071887
0.105968
0.261538
0.101347
0.424659
0.735587
0.303272
0.173614
0.113492
0.21169
0.247654
0.133452
0.321383
0.617731
0.417345
0.407956
0.11518
0.20642
0.109814
0.58449
0.038939
0.635757
0.497748
0.645449
0.492132
0.518537
0.47041
0.442038
0.349912
0.12258
0.167242
0.028952
0.053278
0.245903
0.027881
0.082464
0.361213
0.325533
0.077496
0.159074
0.607807
0.03244
0.092322
0.040879
0.094228
0.662622
0.533528
0.224912
0.605946
0.320876
0.447263
0.542297
0.11641
0.44051
0.074663
0.347289
0.522858
0.221822
0.138804
0.130165
0.128091
0.675513
0.762958
0.068321
0.134781
0.670166
0.09816
0.092385
0.030179
0.496957
0.344369
0.085732
0.432417
0.078689
0.051974
0.123748
0.308794
0.085621
0.097701
0.128371
0.376176
0.579784
0.11386
0.460163
0.362008
0.058743
0.630669
0.305628
0.590513
0.170544
0.076706
0.558265
0.449072
0.545667
0.524162
0.053431
0.187551
0.558058
0.133677
0.338687
0.560534
0.042098
0.391239
0.519498
0.150565
0.397787
0.595454
0.54208
0.09017
0.558884
0.140982
0.923533
0.35694
0.081219
0.089463
0.558885
0.456565
0.134335
0.602073
0.435185
0.134931
0.182611
0.026408
0.079289
0.061869
0.082555
0.198469
0.21585
0.063821
0.066052
0.0864
0.059549
0.495554
0.089166
0.168659
0.135073
0.204333
0.130587
0.382984
0.115932
0.117483
0.128428
0.023384
0.068155
0.413326
0.476605
0.495805
0.206677
0.563751
0.021918
0.306257
0.041857
0.135409
0.04191
0.540822
0.387375
0.305083
0.059229
0.134834
0.530548
0.491961
0.218963
0.193938
0.086947
0.209782
0.102008
0.060236
0.327688
0.262713
0.099131
0.26908
0.568189
0.425918
0.163335
0.517088
0.15315
0.151731
0.442611
0.368908
0.131272
0.106012
0.07639
0.077808
0.523151
0.577276
0.294915
0.516148
0.440153
0.303134
0.139446
0.450529
0.570314
0.183017
0.009266
0.571746
0.726864
0.547284
0.471211
0.492782
0.558412
0.069835
0.442443
0.481371
0.799459
0.331759
0.199038
0.542854
0.056638
0.140674
0.673517
0.46775
0.046793
0.109007
0.501953
0.498021
0.513918
0.494636
0.212705
0.057637
0.329141
0.20234
0.665676
0.154561
0.166311
0.090644
0.063417
0.07577
0.171868
0.350407
0.41733
0.129921
0.669299
0.158713
0.580297
0.342779
0.582697
0.519906
0.134957
0.290507
0.465315
0.613571
0.615398
0.138943
0.058741
0.078953
0.645529
0.12421
0.344002
0.00813
0.510891
0.048791
0.375805
0.12826
0.339882
0.06126
0.140805
0.367466
0.394464
0.248824
0.576407
0.405
0.503428
0.11479
0.510275
0.173648
0.270095
0.186981
0.606528
0.850418
0.501184
0.474851
0.531174
0.526052
0.055461
0.132881
0.095909
0.578563
0.348884
0.044978
0.400907
0.050438
0.062437
0.022682
0.470996
0.315345
0.030292
0.611871
0.481773
0.620053
0.068613
0.303475
0.175143
0.149192
0.076801
1.011918
0.407105
0.075194
0.449453
0.244652
0.606931
0.571024
0.143082
0.185435
0.527807
0.176204
0.02888
0.165124
0.051161
0.135488
0.469534
0.395811
0.547251
0.652925
0.449959
0.519154
0.126236
0.474529
0.554182
0.441743
0.583539
0.150635
0.725479
0.750518
0.564322
0.171448
0.139527
0.161133
0.090135
0.120513
0.645007
0.073072
0.12739
0.13724
0.479428
0.398427
0.071227
0.573988
0.476799
0.421622
0.168661
0.601147
0.196279
0.255063
0.318332
0.482946
0.042157
0.552642
0.32725
0.165135
0.819561
0.148625
0.560756
0.140728
0.071292
0.556364
0.548908
0.152922
0.713647
0.447825
0.151673
0.701953
0.09716
0.494314
0.529966
0.720884
0.654241
0.073402
0.5228
0.442744
0.160412
0.100032
0.488101
0.639432
0.668774
0.054785
0.099177
0.297644
0.593784
0.107261
0.461734
0.542498
0.05551
0.100888
0.338648
0.355648
0.536345
0.303442
0.718982
0.060715
0.093734
0.611184
0.386591
0.111881
0.129956
0.497086
0.395267
0.062214
0.553691
0.689947
0.517289
0.163536
0.085414
0.61096
0.495812
0.390807
0.335836
0.107266
0.475285
0.423893
0.116875
0.783682
0.037578
0.428683
0.494791
0.029619
0.572632
0.466847
0.444411
0.492378
0.472732
0.339374
0.634446
0.091963
0.259248
0.066627
0.490094
0.184833
0.256088
0.492272
0.462841
0.22165
0.529711
0.582245
0.399791
0.120232
0.083133
0.055746
0.086929
0.675208
0.569774
0.4457
0.481699
0.455411
0.419146
0.213206
0.089962
0.56962
0.476449
0.031063
0.327548
0.29683
0.325788
0.077276
0.323558
0.517272
0.117382
0.043995
0.280794
0.709268
0.538661
0.443513
0.344525
0.047077
0.102098
0.11418
0.066565
0.64006
0.192028
0.35245
0.335225
0.115767
0.063066
0.576328
0.55723
0.256498
0.426411
0.50986
0.334803
0.336388
0.555785
0.372076
0.481792
0.545271
0.550823
0.542281
0.579364
0.384935
0.493064
0.495839
0.503506
0.519152
0.519364
0.506169
0.25341
0.476957
0.540422
0.459679
0.091938
0.535044
0.53248
0.183667
0.140728
0.044697
0.046556
0.372286
0.442356
0.339941
0.51387
0.243146
0.350513
0.477594
0.547331
0.110704
0.3088
0.530287
0.26482
0.102075
0.020575
0.46308
0.144984
0.522065
0.557795
0.508688
0.056418
0.325938
0.103732
0.541955
0.461469
0.118021
0.115636
0.052471
0.071133
0.207845
0.078001
0.057749
0.010484
0.590142
0.40302
0.525914
0.138386
0.542465
0.10341
0.050366
0.463876
0.175727
0.618367
0.637266
0.600641
0.111138
0.126219
0.134751
0.095132
0.395467
0.576409
0.560203
0.321491
0.175217
0.486542
0.480047
0.483772
0.187868
0.372539
0.113248
0.18172
0.223125
0.474677
0.463524
0.021686
0.321292
0.067212
0.584388
0.145538
0.096888
0.584129
0.319055
0.527697
0.554455
0.337803
0.004289
0.56169
0.152461
0.373452
0.527698
0.626585
0.686821
0.050742
0.872293
0.449748
0.219167
0.439427
0.311879
0.065616
0.064062
0.049139
0.451576
0.728898
0.56147
0.027925
0.526777
0.276191
0.555762
0.136666
0.379316
0.035185
0.426032
0.336953
0.120374
0.032989
0.321499
0.576842
0.368373
0.536871
0.167422
0.447182
0.557373
0.075828
0.375294
0.387446
0.414786
0.2869
0.382616
0.124302
0.581594
0.525911
0.1724
0.087818
0.509142
0.147044
0.575448
0.651952
0.490658
0.078122
0.219543
0.767838
0.51272
0.556579
0.565726
0.097479
0.47254
0.3176
0.477438
0.482276
0.528698
0.520828
0.472331
0.140525
0.040514
0.131666
0.076416
0.203303
0.707445
0.15904
0.17225
0.353247
0.5421
0.465219
0.120054
0.413181
0.585679
0.593481
0.506471
0.213936
0.55755
0.119292
0.041374
0.623639
0.525191
0.534964
0.066077
0.512604
0.109624
0.41496
0.086775
0.156461
0.335331
0.456136
0.074505
0.51919
0.757969
0.154898
0.339079
0.207291
0.193502
0.030067
0.602743
0.216146
0.338475
0.075609
0.505968
0.01964
0.629963
0.525035
0.486236
0.527485
0.111788
0.230412
0.511912
0.584486
0.496306
0.202698
0.434692
0.630005
0.062934
0.271081
0.594605
0.581665
0.32742
0.13663
0.167849
0.319145
0.304938
0.132584
0.211297
0.200003
0.163196
0.19585
0.388684
0.103402
0.023412
0.072736
0.328604
0.080818
0.134028
0.123906
0.290986
0.536969
0.533897
0.337095
0.281944
0.316061
0.245474
0.552477
0.200896
0.684467
0.296471
0.627752
0.46439
0.356943
0.79166
0.470775
0.093667
0.137516
0.498714
0.474388
0.135652
0.46931
0.589925
0.144418
0.149619
0.265897
0.724133
0.488388
0.084071
0.070148
0.102222
0.55808
0.51838
0.311203
0.440137
0.130544
0.739377
0.185775
0.009292
0.117166
0.362938
0.657428
0.534204
0.250698
0.448568
0.137864
0.521338
0.052475
0.288808
0.256557
0.333139
0.683267
0.510009
0.132652
0.570015
0.343222
0.450539
0.103825
0.319315
0.459736
0.040183
0.631064
0.319678
0.527985
0.072731
0.183424
0.623118
0.36921
0.564133
0.407337
0.281223
0.499172
0.192918
0.090855
0.113501
0.183159
0.236435
0.172666
0.298322
0.040524
0.549814
0.513138
0.475296
0.070678
0.582369
0.107484
0.439109
0.677499
0.589954
0.119573
0.596763
0.101673
0.665551
0.474783
0.090709
0.110987
0.102835
0.480792
0.570776
0.175153
0.383124
0.053936
0.445396
0.453351
0.527205
0.546877
0.202228
0.446877
0.577178
0.659687
0.449964
0.050394
0.117891
0.072483
0.158908
0.543469
0.312827
0.239545
0.113816
0.111329
0.095632
0.147575
0.130657
0.132516
0.513673
0.040232
0.363038
0.501951
0.131682
0.669976
0.521691
0.077944
0.4083
0.183916
0.308782
0.065879
0.70082
0.096198
0.192998
0.084607
0.11266
0.069969
0.699629
0.512758
0.708996
0.479237
0.526424
0.520223
0.124731
0.093901
0.062278
0.277215
0.18004
0.490104
0.569663
0.835807
0.479516
0.12546
0.161132
0.524195
0.019373
0.382545
0.092947
0.665133
0.128907
0.41422
0.36405
0.099756
0.466212
0.052389
0.452066
0.052987
0.372373
0.420704
0.147033
0.043231
0.523074
0.100264
0.375637
0.514208
0.132723
0.45565
0.060384
0.519516
0.315722
0.576197
0.151985
0.08496
0.525734
0.531917
0.507662
0.326636
0.499809
0.154064
0.105189
0.068128
0.095043
0.063135
0.484606
0.094135
0.508266
0.468622
0.552294
0.070582
0.500643
0.116746
0.514406
0.326555
0.584128
0.578363
0.113585
0.592946
0.508952
0.634224
0.08675
0.021582
0.168052
0.487663
0.351341
0.155486
0.13762
0.090931
0.062522
0.594596
0.018978
0.472426
0.008612
0.157293
0.106977
0.413121
0.083048
0.655135
0.575655
0.220417
0.478513
0.50245
0.650012
0.464919
0.520392
0.09545
0.154737
0.227389
0.592747
0.086656
0.600112
0.629536
0.713177
0.132811
0.068063
0.363413
0.530723
0.514627
0.106235
0.650436
0.52351
0.673444
0.520005
0.368815
0.473102
0.554468
0.524495
0.141189
0.447826
0.315541
0.486473
0.557244
0.511289
0.436723
0.228629
0.361298
0.47415
0.094349
0.196776
0.339818
0.097642
0.1569
0.476529
0.669584
0.629623
0.08083
0.357365
0.737561
0.543859
0.068253
0.696555
0.740281
0.574893
0.040902
0.307396
0.524007
0.581188
0.044698
0.249028
0.208284
0.201668
0.283108
0.11725
0.028916
0.140312
0.64349
0.030909
0.452815
0.336539
0.692492
0.125065
0.304114
0.530044
0.38018
0.874031
0.499061
0.757282
0.082489
0.341563
0.55544
0.428399
0.21091
0.068272
0.42853
0.402704
0.272624
0.515604
0.226733
0.590144
0.555485
0.064375
0.265588
0.178257
0.11696
0.341623
0.087074
0.055288
0.285852
0.078674
0.532251
0.642257
0.595504
0.582533
0.512154
0.202376
0.121081
0.693046
0.219888
0.172856
0.354555
0.03504
0.083175
0.647988
0.521135
0.760925
0.218701
0.082063
0.370149
0.635346
0.191095
0.031442
0.086297
0.095042
0.039768
0.084541
0.050193
0.553281
0.103992
0.093048
0.440262
0.196214
0.697781
0.616429
0.344833
0.314552
0.345626
0.088518
0.09435
0.186934
0.28888
0.16559
0.617434
0.433695
0.057498
0.389003
0.065773
0.725357
0.058119
0.38336
0.399625
0.602843
0.624128
0.151516
0.052232
0.858956
0.482951
0.076448
0.294928
0.162573
0.492236
0.487746
0.542704
0.422699
0.205101
0.211583
0.054966
0.573167
0.594667
0.58414
0.203158
0.570971
0.225837
0.549282
0.0596
0.070263
0.614243
0.490961
0.717588
0.470647
0.573001
0.536609
0.542184
0.082754
0.161605
0.835549
0.111914
0.357898
0.580218
0.105794
0.284405
0.468216
0.115819
0.37095
0.570646
0.541862
0.406551
0.637803
0.759165
0.552693
0.044907
0.756697
0.671208
0.615645
0.431526
0.62764
0.266868
0.21924
0.756374
0.064056
0.071977
0.5928
0.209797
0.078541
0.030573
0.125343
0.052799
0.140213
0.396464
0.154735
0.02802
0.697277
0.122252
0.535739
0.372504
0.564013
0.119948
0.482498
0.071041
0.199089
0.575231
0.480846
0.586156
0.504465
0.513386
0.375788
0.538727
0.044133
0.472528
0.223297
0.572387
0.567125
0.572583
0.112765
0.378781
0.095039
0.652694
0.588676
0.2349
0.305472
0.07574
0.006938
0.556053
0.43151
0.622835
0.33603
0.0694
0.502895
0.462392
0.570548
0.292732
0.665682
0.366329
0.673257
0.113193
0.450089
0.724692
0.475333
0.459589
0.616027
0.081464
0.400604
0.655608
0.646111
0.071754
0.070489
0.487575
0.094262
0.49738
0.076412
0.812053
0.267016
0.179493
0.625226
0.519647
0.32642
0.039145
0.54645
0.093777
0.114619
0.613625
0.454064
0.102547
0.32412
0.636785
0.57101
0.085516
0.14771
0.241129
0.504806
0.402038
0.079777
0.540093
0.297425
0.146455
0.390137
0.099456
0.014792
0.116178
0.6019
0.521434
0.094111
0.465609
0.167425
0.629318
0.19463
0.636663
0.641721
0.487974
0.506378
0.503827
0.657072
0.476171
0.465192
0.66605
0.531354
0.098043
0.361149
0.674823
0.060845
0.477571
0.075059
0.007842
0.105958
0.170601
0.509864
0.422195
0.283641
0.083372
0.19694
0.214688
0.362887
0.431509
0.569772
0.076154
0.496845
0.615041
0.484072
0.049087
0.318586
0.17216
0.055101
0.038887
0.298841
0.095802
0.276971
0.035954
0.514819
0.315436
0.651243
0.527223
0.599294
0.04419
0.042143
0.1291
0.419058
0.119532
0.092831
0.557137
0.172588
0.548349
0.511581
0.19386
0.133053
0.543753
0.077613
0.594317
0.499528
0.525861
0.523617
0.54836
0.495696
0.14914
0.470627
0.216482
0.548638
0.122381
0.560811
0.051338
0.504291
0.090016
0.064597
0.555725
0.482874
0.463232
0.326262
0.086299
0.03109
0.580624
0.159255
0.584639
0.481704
0.149965
0.174227
0.292378
0.380131
0.098848
0.524736
0.670048
0.547108
0.478973
0.566838
0.213388
0.234473
0.087546
0.034732
0.338461
0.065582
0.0821
0.535048
0.143574
0.247033
0.67628
0.47928
0.023137
0.023938
0.399492
0.609288
0.057671
0.082552
0.523249
0.088168
0.452237
0.018435
0.632045
0.133023
0.474085
0.247487
0.334414
0.055551
0.600104
0.532229
0.269639
0.453284
0.47267
0.507822
0.552633
0.083107
0.06289
0.478224
0.079719
0.697383
0.503455
0.38719
0.647908
0.556529
0.130894
0.09821
0.155149
0.112115
0.513132
0.549083
0.370988
0.374567
0.105019
0.133719
0.386175
0.134835
0.522063
0.503611
0.059615
0.056198
0.547979
0.092847
0.024053
0.261157
0.404138
0.717939
0.024291
0.515173
0.065241
0.019341
0.086089
0.342669
0.096663
0.050616
0.328541
0.270061
0.065358
0.562472
0.516789
0.077564
0.358119
0.433492
0.483321
0.55874
0.085135
0.362198
0.566904
0.084651
0.316886
0.340699
0.140765
0.52444
0.145539
0.09864
0.083302
0.103716
0.308135
0.251352
0.033537
0.099558
0.228104
0.457522
0.110291
0.116235
0.197514
0.545706
0.503101
0.589251
0.589712
0.170821
0.515018
0.072863
0.093359
0.57118
0.135169
0.590318
0.538878
0.029526
0.415948
0.139316
0.628372
0.427862
0.177776
0.657357
0.777503
0.395664
0.503312
0.246571
0.104123
0.402706
0.569407
0.280128
0.571779
0.045678
0.10195
0.488377
0.070147
0.561683
0.050721
0.35759
0.631868
0.118149
0.474664
0.611593
0.318925
0.130912
0.105029
0.461066
0.338572
0.526867
0.043005
0.474371
0.098502
0.080969
0.102452
0.26652
0.096304
0.062594
0.155832
0.069972
0.071434
0.11945
0.327668
0.066708
0.113882
0.076498
0.055617
0.25169
0.537087
0.111269
0.324625
0.626659
0.470832
0.681185
0.126597
0.555467
0.730893
0.058232
0.117323
0.068642
0.069408
0.571022
0.111985
0.112406
0.670616
0.081474
0.093167
0.093484
0.714643
0.185561
0.195707
0.053201
0.544604
0.06027
0.176782
0.067383
0.564496
0.057089
0.471417
0.687747
0.196445
0.087753
0.722042
0.455862
0.093396
0.503748
0.092261
0.585735
0.071937
0.217082
0.091641
0.060445
0.112357
0.482284
0.220596
0.448857
0.325899
0.344819
0.047316
0.599656
0.06881
0.583512
0.231365
0.558629
0.067847
0.15054
0.497525
0.138654
0.100924
0.022911
0.114939
0.677064
0.604556
0.347965
0.020376
0.603955
0.625832
0.298068
0.092455
0.031524
0.195882
0.072517
0.094997
0.455732
0.079169
0.506085
0.558256
0.197483
0.635766
0.544416
0.250276
0.56794
0.482787
0.160164
0.519364
0.037094
0.397866
0.585401
0.456508
0.028113
0.226867
0.45461
0.19421
0.071331
0.223941
0.531318
0.716447
0.517896
0.06467
0.41915
0.14826
0.612381
0.516255
0.342397
0.073878
0.085945
0.064894
0.117055
0.065633
0.133269
0.074781
0.031609
0.628937
0.076945
0.624619
0.538632
0.517209
0.605289
0.541969
0.243861
0.650772
0.074316
0.084407
0.59567
0.149447
0.103707
0.033062
0.446997
0.4484
0.105533
0.307624
0.170441
0.346805
0.59511
0.148546
0.066602
0.10435
0.064046
0.51939
0.247901
0.077067
0.478196
0.505629
0.1018
0.092386
0.113225
0.117541
0.597585
0.515447
0.074115
0.702983
0.10044
0.23767
0.120829
0.617797
0.534775
0.423212
0.588638
0.502091
0.439716
0.531475
0.60092
0.382119
0.629417
0.638788
0.500395
0.381934
0.030835
0.488692
0.262352
0.563324
0.540668
0.664068
0.66951
0.500176
0.25222
0.323128
0.69243
0.624069
0.225567
0.29612
0.093798
0.07976
0.428978
0.504698
0.456822
0.071262
0.064018
0.575377
0.506996
0.054384
0.402579
0.210372
0.168562
0.135833
0.471217
0.216307
0.13171
0.320668
0.537069
0.068767
0.369151
0.14858
0.067413
0.340372
0.116287
0.317728
0.079837
0.577399
0.060844
0.612843
0.212911
0.366579
0.015834
0.460153
0.058423
0.577461
0.415784
0.541431
0.476255
0.393257
0.395481
0.381905
0.575839
0.305867
0.054801
0.054601
0.043985
0.559214
0.385782
0.22546
0.416242
0.088111
0.232077
0.318569
0.084678
0.220852
0.086873
0.43811
0.176607
0.157833
0.231868
0.198462
0.47289
0.229068
0.493285
0.604099
0.125388
0.120061
0.120598
0.602044
0.533092
0.092136
0.247171
0.635005
0.625151
0.180636
0.111833
0.139159
0.515398
0.514663
0.080006
0.577918
0.232723
0.506073
0.166608
0.477336
0.371809
0.126585
0.040025
0.159394
0.575561
0.112803
0.041747
0.215486
0.056925
0.563247
0.244802
0.391186
0.142605
0.233751
0.489474
0.363175
0.119366
0.113188
0.113178
0.165549
0.298189
0.117984
0.086511
0.715751
0.073462
0.021311
0.457805
0.174445
0.029506
0.068013
0.105909
0.085625
0.364049
0.105404
0.583291
0.529779
0.585032
0.259559
0.077122
0.227063
0.185221
0.253892
0.106704
0.377521
0.078461
0.1845
0.168546
0.135167
0.319376
0.243954
0.59256
0.594768
0.230997
0.09512
0.648767
0.060176
0.098634
0.184582
0.202472
0.032819
0.084269
0.511637
0.074462
0.178989
0.587517
0.584629
0.352863
0.119391
0.61585
0.434598
0.587898
0.240975
0.56577
0.602798
0.10237
0.055517
0.345589
0.169393
0.089883
0.131715
0.031186
0.109335
0.37392
0.609829
0.200737
0.58709
0.69054
0.549953
0.566449
0.051353
0.494354
0.256333
0.537377
0.107167
0.450228
0.666997
0.625916
0.560288
0.546517
0.607926
0.107358
0.454276
0.061664
0.142484
0.427743
0.601662
0.183589
0.412839
0.198084
0.04809
0.053665
0.49173
0.580222
0.055286
0.109978
0.124061
0.021971
0.580367
0.095904
0.498999
0.063437
0.518034
0.086467
0.079684
0.095733
0.275266
0.110578
0.530098
0.084097
0.47036
0.141091
0.023341
0.230206
0.081936
0.562338
0.080609
0.068633
0.124979
0.481472
0.569282
0.71515
0.126754
0.721868
0.073034
0.566346
0.469469
0.524869
0.547018
0.43721
0.596534
0.551451
0.587839
0.12621
0.631169
0.746852
0.561916
0.603842
0.639695
0.135437
0.487416
0.613524
0.570978
0.488372
0.337121
0.165328
0.30017
0.399038
0.534586
0.111746
0.37341
0.227024
0.505291
0.319138
0.630891
0.616238
0.622637
0.062999
0.352517
0.443024
0.091045
0.154512
0.563375
0.49431
0.540614
0.041174
0.092233
0.26064
0.102118
0.571357
0.47778
0.145745
0.073334
0.044119
0.468988
0.025614
0.214338
0.141237
0.066922
0.583059
0.424753
0.54288
0.229258
0.168619
0.084698
0.190276
0.093871
0.606138
0.373269
0.562565
0.559566
0.418956
0.122228
0.619904
0.499282
0.380022
0.029919
0.160386
0.124923
0.489172
0.072663
0.536799
0.084933
0.109914
0.501955
0.641661
0.491509
0.354043
0.147152
0.10837
0.221669
0.434926
0.619054
0.116841
0.540335
0.628615
0.10989
0.619526
0.227177
0.164072
0.116086
0.553976
0.452972
0.525203
0.297765
0.238783
0.750566
0.494637
0.647945
0.643757
0.467183
0.104616
0.089277
0.118605
0.040961
0.50936
0.107851
0.454225
0.160971
0.38599
0.13931
0.042102
0.529392
0.5563
0.259331
0.457654
0.466659
0.14101
0.155386
0.113198
0.547637
0.175459
0.547475
0.562381
0.572452
0.759803
0.191265
0.574719
0.570732
0.477601
0.250476
0.370942
0.402881
0.037334
0.36686
0.518798
0.03688
0.493953
0.071205
0.043577
0.37766
0.372701
0.475705
0.531485
0.384198
0.552143
0.544329
0.696362
0.036057
0.575222
0.640621
0.101105
0.540942
0.484113
0.829359
0.022355
0.029907
0.061626
0.46644
0.581448
0.119751
0.02123
0.521428
0.543904
0.1555
0.504995
0.689509
0.531101
0.325965
0.374262
0.404083
0.199419
0.447602
0.454562
0.482465
0.311612
0.233296
0.640351
0.114633
0.440636
0.418259
0.121693
0.457284
0.091431
0.026478
0.519086
0.424262
0.103155
0.355272
0.074052
0.625034
0.571521
0.080991
0.085294
0.050934
0.25759
0.058119
0.626144
0.703311
0.173907
0.346291
0.353037
0.111553
0.038894
0.059216
0.383398
0.454281
0.530706
0.083428
0.082621
0.124691
0.319066
0.481371
0.002742
0.145504
0.506806
0.042984
0.338547
0.187846
0.522896
0.5307
0.470732
0.397432
0.086943
0.543332
0.110354
0.25727
0.082001
0.362431
0.415993
0.288268
0.046631
0.099409
0.263018
0.585861
0.534117
0.281794
0.411388
0.166483
0.541661
0.585578
0.320204
0.541346
0.130239
0.595751
0.372076
0.138461
0.608009
0.527928
0.303107
0.085394
0.131839
0.109511
0.588493
0.498099
0.473571
0.117523
0.672867
0.066742
0.026154
0.501018
0.480182
0.166381
0.663189
0.08777
0.629362
0.076662
0.419725
0.103038
0.070184
0.132181
0.361823
0.573288
0.036805
0.46184
0.570532
0.483761
0.134879
0.446691
0.53103
0.04977
0.063167
0.508881
0.168629
0.048354
0.706567
0.482101
0.604027
0.080379
0.497807
0.302948
0.190773
0.315161
0.549987
0.066513
0.119641
0.061603
0.210917
0.059803
0.132603
0.739218
0.172868
0.060869
0.033902
0.178883
0.08307
0.097234
0.513207
0.588302
0.531787
0.331677
0.314227
0.329429
0.406032
0.036035
0.185171
0.684947
0.052836
0.0144
0.057918
0.031249
0.031349
0.144832
0.10004
0.626476
0.159324
0.550615
0.383047
0.534948
0.577384
0.04902
0.540091
0.035133
0.553931
0.085932
0.52961
0.57454
0.264933
0.561653
0.02367
0.133059
0.313826
0.544861
0.111952
0.123598
0.039991
0.02373
0.634921
0.084882
0.57821
0.132206
0.257921
0.183613
0.028152
0.641906
0.166567
0.523141
0.551381
0.162697
0.472628
0.073923
0.556079
0.457585
0.385653
0.45502
0.475215
0.489464
0.557415
0.468423
0.474351
0.256463
0.139002
0.552954
0.588132
0.073511
0.172838
0.129421
0.117181
0.399189
0.13121
0.493635
0.589962
0.052635
0.528931
0.683767
0.50475
0.564589
0.494395
0.44997
0.509337
0.502127
0.47378
0.110523
0.06388
0.663792
0.597292
0.564867
0.424825
0.566713
0.458794
0.074452
0.028316
0.29513
0.131019
0.819392
0.121628
0.110037
0.149972
0.143404
0.599155
0.047005
0.074884
0.451343
0.628964
0.415302
0.076028
0.685399
0.033094
0.060692
0.035527
0.01533
0.382458
0.163623
0.544125
0.546326
0.60681
0.470078
0.157748
0.477266
0.035915
0.470984
0.259459
0.098668
0.159971
0.607192
0.585165
0.462193
0.576856
0.493234
0.075011
0.162725
0.040266
0.531674
0.468474
0.074085
0.031287
0.067585
0.028169
0.159636
0.466991
0.452618
0.129752
0.601525
0.589768
0.034465
0.132808
0.509116
0.563113
0.093065
0.139087
0.445954
0.529652
0.483091
0.090618
0.160201
0.04294
0.559627
0.338537
0.337097
0.311412
0.510151
0.632638
0.228198
0.494245
0.273553
0.476524
0.599404
0.518628
0.030117
0.077543
0.518489
0.477413
0.291266
0.485428
0.714579
0.657734
0.47207
0.190521
0.307693
0.398815
0.444424
0.457608
0.589562
0.441575
0.399708
0.562323
0.606454
0.657245
0.601228
0.509885
0.44685
0.475768
0.301524
0.373556
0.523744
0.222558
0.422016
0.547214
0.72674
0.456447
0.24702
0.552402
0.610473
0.708096
0.530015
0.61451
0.375606
0.083496
0.528567
0.393451
0.690309
0.523923
0.375815
0.560378
0.397334
0.393806
0.506111
0.189965
0.209426
0.070206
0.565655
0.306235
0.05936
0.119322
0.56976
0.193791
0.480914
0.45854
0.437829
0.585808
0.337941
0.481987
0.56209
0.261225
0.388577
0.577118
0.624426
0.609873
0.553739
0.161645
0.572016
0.60935
0.262786
0.668274
0.404549
0.542532
0.454198
0.198628
0.416127
0.359577
0.129503
0.023253
0.305114
0.375886
0.069853
0.163563
0.087781
0.13809
0.18664
0.139817
0.148721
0.131637
0.039559
0.506767
0.549085
0.078591
0.040332
0.043879
0.433882
0.104013
0.06069
0.708394
0.196672
0.219553
0.244731
0.590055
0.1975
0.594801
0.61217
0.598729
0.022394
0.559143
0.509563
0.208188
0.057117
0.436029
0.173545
0.270133
0.237338
0.68535
0.065501
0.317564
0.505244
0.590104
0.393754
0.479531
0.295111
0.538127
0.692628
0.257627
0.29722
0.58358
0.03641
0.253726
0.065456
0.451853
0.101335
0.086065
0.458903
0.055279
0.185525
0.065868
0.039505
0.438316
0.069948
0.18996
0.092267
0.231114
0.495197
0.497505
0.100606
0.028973
0.557198
0.547394
0.447032
0.048538
0.107658
0.658845
0.010518
0.658177
0.177126
0.559667
0.131161
0.696503
0.500211
0.362431
0.158865
0.566579
0.57099
0.565652
0.732637
0.10032
0.069843
0.078683
0.496065
0.673063
0.571867
0.543241
0.022556
0.05936
0.447957
0.38449
0.6021
0.615489
0.185582
0.474822
0.506497
0.472075
0.131117
0.488836
0.214848
0.512331
0.489549
0.337353
0.067898
0.534226
0.586558
0.511903
0.496217
0.336767
0.10697
0.307931
0.661508
0.114463
0.090513
0.421921
0.082577
0.285053
0.20751
0.074922
0.060708
0.356483
0.078098
0.680354
0.068067
0.531973
0.49748
0.052097
0.552678
0.532158
0.343978
0.038699
0.46869
0.071867
0.580092
0.064332
0.470893
0.513904
0.299003
0.529997
0.069311
0.456428
0.146091
0.341462
0.125892
0.597054
0.140934
0.095399
0.044625
0.485792
0.324009
0.538242
0.570852
0.201588
0.612251
0.534661
0.510585
0.468657
0.35326
0.123347
0.325748
0.747865
0.65622
0.387894
0.519686
0.595769
0.334777
0.519534
0.023473
0.392121
0.660431
0.047905
0.053526
0.070361
0.238119
0.015636
0.417341
0.025981
0.626621
0.033177
0.432569
0.008583
0.021255
0.024085
0.016503
0.442117
0.164967
0.553974
0.51319
0.29985
0.532104
0.47447
0.553616
0.58817
0.575442
0.170156
0.769741
0.53038
0.136712
0.069551
0.167505
0.097648
0.500119
0.553509
0.049957
0.092044
0.773648
0.403123
0.476806
0.042494
0.801765
0.396994
0.306133
0.546675
0.224606
0.36812
0.482147
0.169652
0.2061
0.441205
0.21636
0.464342
0.194723
0.55814
0.274043
0.437683
0.13324
0.511578
0.353917
0.074866
0.650952
0.493476
0.539314
0.097058
0.548195
0.039253
0.561534
0.297368
0.396095
0.680164
0.315487
0.45148
0.080955
0.258165
0.024165
0.66715
0.020813
0.475201
0.188847
0.082331
0.0292
0.331265
0.584671
0.434654
0.06995
0.285642
0.079511
0.147006
0.651901
0.493556
0.044779
0.038733
0.135424
0.535073
0.671771
0.277045
0.321361
0.515019
0.511605
0.487123
0.522506
0.602237
0.607314
0.041458
0.365109
0.120295
0.070082
0.20453
0.090506
0.569446
0.190999
0.461058
0.161841
0.450567
0.582217
0.933384
0.235917
0.470923
0.123446
0.140743
0.070279
0.528886
0.100465
0.467875
0.136478
0.538409
0.360135
0.053965
0.13469
0.048077
0.566805
0.503618
0.190968
0.331964
0.51401
0.057904
0.382269
0.273477
0.492117
0.135799
0.561789
0.036778
0.217827
0.141663
0.566884
0.464383
0.291461
0.049186
0.189448
0.381403
0.459635
0.50294
0.076194
0.485982
0.08042
0.098007
0.026864
0.020626
0.713235
0.505684
0.117445
0.666088
0.191128
0.411295
0.058554
0.175096
0.582913
0.099435
0.06607
0.350535
0.546666
0.14408
0.558512
0.720104
0.301797
0.555369
0.460455
0.468551
0.518687
0.636006
0.994776
0.037027
0.22311
0.630455
0.089363
0.088997
0.641439
0.619987
0.589129
0.56723
0.093569
0.115727
0.114917
0.677773
0.409162
0.553602
0.635254
0.319117
0.662155
0.113113
0.394127
0.49844
0.065017
0.551882
0.109803
0.402614
0.442294
0.066527
0.35762
0.604795
0.618405
0.355655
0.598803
0.379595
0.566441
0.662322
0.101901
0.563423
0.526582
0.504032
0.535227
0.259392
0.561133
0.357761
0.41353
0.07427
0.022776
0.267376
0.600024
0.467006
0.208947
0.688292
0.547062
0.604446
0.502578
0.108197
0.300542
0.150327
0.120645
0.455629
0.171538
0.817124
0.086002
0.461208
0.461811
0.510525
0.360806
0.681303
0.123421
0.217309
0.485686
0.135367
0.498208
0.580588
0.45964
0.507828
0.082554
0.028443
0.521684
0.524571
0.133281
0.523644
0.224239
0.653718
0.06489
0.606206
0.145506
0.221085
0.44498
0.029225
0.063169
0.087158
0.022074
0.64491
0.177492
0.18543
0.483847
0.602689
0.062527
0.299024
0.495369
0.048852
0.442393
0.308178
0.078476
0.401392
0.130059
0.489537
0.175909
0.501216
0.049459
0.552262
0.541164
0.523644
0.154594
0.208124
0.159581
0.336446
0.509591
0.525967
0.197405
0.503872
0.52744
0.024944
0.051177
0.348059
0.048952
0.544373
0.474343
0.23554
0.082871
0.088418
0.069422
0.679425
0.158476
0.637105
0.486479
0.467444
0.660144
0.561877
0.616368
0.511324
0.072323
0.578808
0.394717
0.29098
0.42844
0.41153
0.158798
0.163266
0.064925
0.514401
0.340157
0.451837
0.12611
0.361888
0.463926
0.334359
0.591054
0.570073
0.472747
0.612599
0.070691
0.160324
0.504453
0.197545
0.530396
0.056068
0.093061
0.384979
0.099383
0.137077
0.337754
0.157071
0.406358
0.026164
0.231665
0.504811
0.589681
0.080624
0.087977
0.399426
0.132505
0.051346
0.059167
0.067785
0.210075
0.58278
0.081409
0.269597
0.034107
0.092348
0.442675
0.525543
0.413392
0.208456
0.53151
0.480035
0.469286
0.342084
0.238499
0.509942
0.619953
0.252463
0.097106
0.611245
0.032472
0.564348
0.087856
0.493378
0.505425
0.133938
0.212857
0.48261
0.661745
0.625489
0.366201
0.553302
0.298931
0.066934
0.272317
0.110419
0.501834
0.574534
0.505096
0.056397
0.564749
0.340281
0.292677
0.581044
0.205131
0.544338
0.565539
0.446868
0.531101
0.147326
0.439676
0.146952
0.12297
0.35177
0.088816
0.411636
0.13023
0.084598
0.094508
0.518947
0.37708
0.064021
0.533923
0.547104
0.241657
0.240175
0.412222
0.198378
0.395208
0.609503
0.441486
0.367525
0.112832
0.228102
0.093245
0.122898
0.664534
0.110805
0.315755
0.327512
0.648734
0.055381
0.101707
0.064162
0.439565
0.155425
0.279779
0.628229
0.541344
0.394063
0.044874
0.78665
0.500997
0.433924
0.654885
0.369037
0.666254
0.069305
0.070736
0.516424
0.055618
0.494406
0.206545
0.360163
0.469539
0.583374
0.153958
0.477438
0.319772
0.586228
0.02643
0.418034
0.269769
0.177438
0.54912
0.131848
0.468104
0.161601
0.113851
0.409898
0.515252
0.649634
0.046762
0.562725
0.414296
0.383992
0.459339
0.493356
0.573069
0.525211
0.55851
0.428513
0.60009
0.575853
0.503423
0.567386
0.259225
0.335529
0.606684
0.537339
0.344788
0.56763
0.482929
0.284005
0.637492
0.466631
0.343895
0.491429
0.481409
0.407948
0.510052
0.413891
0.586428
0.670569
0.472227
0.548807
0.639166
0.072759
0.775825
0.487325
0.14675
0.500381
0.54398
0.552112
0.155353
0.589749
0.513055
0.561167
0.126815
0.623284
0.510521
0.515074
0.49318
0.426916
0.163006
0.569642
0.382835
0.48287
0.110688
0.115425
0.45843
0.468255
0.354818
0.361842
0.596242
0.121188
0.539277
0.617572
0.681889
0.427976
0.110852
0.345284
0.133236
0.706349
0.074976
0.551835
0.508466
0.191099
0.581711
0.173125
0.438344
0.737516
0.049234
0.073205
0.074344
0.368672
0.316272
0.254731
0.071043
0.258585
0.338523
0.136726
0.132679
0.462928
0.605979
0.633859
0.526857
0.359243
0.635888
0.055237
0.082332
0.333684
0.046314
0.030611
0.051692
0.063262
0.069165
0.096266
0.146006
0.679404
0.463721
0.097878
0.192865
0.726305
0.106327
0.12538
0.493526
0.71844
0.109732
0.989995
0.132262
0.670091
0.093413
0.079429
0.516319
0.354056
0.109413
0.082014
0.544329
0.589001
0.134864
0.426646
0.255717
0.525632
0.436942
0.715136
0.509427
0.27005
0.272912
0.073044
0.641433
0.532399
0.082191
0.056413
0.320571
0.083523
0.586604
0.654595
0.080864
0.417066
0.347879
0.506573
0.567433
0.559991
0.067836
0.08284
0.530909
0.39498
0.338852
0.506406
0.210957
0.16789
0.27715
0.464558
0.660758
0.487247
0.316111
0.140465
0.162795
0.29635
0.608459
0.610741
0.473473
0.074734
0.205672
0.117696
0.70373
0.253472
0.048225
0.16813
0.47322
0.656182
0.08708
0.129431
0.022728
0.554231
0.025522
0.474599
0.497949
0.597725
0.703552
0.077035
0.07181
0.408504
0.473066
0.437429
0.623194
0.51424
0.647132
0.151709
0.384905
0.505369
0.237477
0.425524
0.603098
0.670272
0.602657
0.398826
0.588645
0.538606
0.130962
0.544785
0.571746
0.419915
0.315692
0.536903
0.138438
0.058813
0.174831
0.341205
0.707726
0.645341
0.474894
0.043571
0.534964
0.064829
0.721908
0.45426
0.203387
0.595019
0.165412
0.502318
0.347957
0.148731
0.01446
0.572992
0.32319
0.526256
0.17177
0.813432
0.138717
0.235249
0.113918
0.528611
0.568437
0.058774
0.570428
0.086126
0.559398
0.488344
0.353894
0.10482
0.003462
0.202875
0.371291
0.188379
0.132676
0.614947
0.127262
0.179824
0.793593
0.17796
0.034051
0.481943
0.647155
0.434251
0.562851
0.663098
0.617093
0.038566
0.586329
0.026804
0.440824
0.108591
0.385992
0.258424
0.448047
0.480136
0.055375
0.496263
0.097243
0.643658
0.354074
0.193051
0.389039
0.390321
0.24541
0.499657
0.532307
0.101271
0.064292
0.547811
0.478154
0.596973
0.516825
0.426138
0.490305
0.310784
0.644074
0.277759
0.724107
0.44982
0.068942
0.618292
0.526149
0.231079
0.578732
0.672004
0.521937
0.459191
0.085263
0.565449
0.590097
0.251698
0.555522
0.231182
0.364602
0.0741
0.5786
0.26167
0.428961
0.447294
0.527435
0.471507
0.638428
0.506117
0.242318
0.582498
0.492941
0.504443
0.364562
0.138156
0.607916
0.574118
0.572261
0.571549
0.544213
0.587046
0.587338
0.456693
0.3753
0.693348
0.195274
0.47246
0.371135
0.135801
0.458191
0.459051
0.378342
0.601265
0.572811
0.310563
0.377462
0.499832
0.702564
0.505168
0.138888
0.732237
0.104296
0.12495
0.108869
0.453255
0.319416
0.069181
0.762604
0.413606
0.502932
0.52315
0.504437
0.514083
0.362923
0.121053
0.383788
0.222367
0.49267
0.214041
0.411863
0.21405
0.478379
0.07938
0.439045
0.449969
0.101801
0.540724
0.580867
0.703535
0.406339
0.530104
0.445358
0.239509
0.345078
0.206971
0.56416
0.28345
0.43547
0.593877
0.508294
0.217321
0.577086
0.047742
0.540859
0.41457
0.664625
0.654622
0.281278
0.61786
0.733708
0.518915
0.454376
0.377937
0.346082
0.256387
0.245452
0.326325
0.134738
0.443992
0.107834
0.466383
0.252979
0.316562
0.290059
0.540314
0.50936
0.514717
0.489826
0.606862
0.446645
0.254703
0.646663
0.074386
0.13875
0.317786
0.516712
0.266415
0.492401
0.604205
0.473638
0.084772
0.405257
0.531362
0.425576
0.342816
0.569077
0.662665
0.215634
0.527965
0.639643
0.465408
0.214574
0.290721
0.533738
0.204308
0.306808
0.32406
0.349553
0.538306
0.38415
0.460205
0.53043
0.553262
0.444599
0.631267
0.591243
0.518389
0.498951
0.654976
0.626078
0.658523
0.433991
0.089942
0.495674
0.499627
0.763725
0.544118
0.525709
0.523648
0.418148
0.402053
0.194533
0.618176
0.493278
0.358445
0.561133
0.362499
0.592508
0.319886
0.416729
0.534391
0.584399
0.245289
0.439311
0.644102
0.162891
0.639041
0.240539
0.500497
0.597465
0.235105
0.560687
0.744986
0.5536
0.463438
0.608494
0.362472
0.358818
0.486383
0.2809
0.623799
0.616909
0.487263
0.752129
0.072833
0.634003
0.331852
0.390372
0.137819
0.322766
0.528018
0.615292
0.320506
0.479182
0.15792
0.558391
0.472601
0.472373
0.501087
0.4508
0.10468
0.526912
0.23802
0.367013
0.102761
0.200474
0.475667
0.489151
0.306087
0.293347
0.505542
0.31386
0.332434
0.130397
0.354682
0.794033
0.562813
0.496996
0.432272
0.314276
0.372356
0.547898
0.569821
0.569676
0.536868
0.13201
0.564011
0.580971
0.574883
0.496519
0.491207
0.435146
0.665776
0.492772
0.224039
0.199656
0.061633
0.567784
0.438521
0.442369
0.647166
0.456074
0.464103
0.407425
0.387502
0.397762
0.337093
0.437854
0.556936
0.310294
0.134478
0.706235
0.525928
0.298347
0.603836
0.572753
0.238672
0.36296
0.396657
0.131004
0.507974
0.16367
0.316735
0.529625
0.488157
0.082741
0.761912
0.317918
0.735025
0.139738
0.426497
0.35858
0.619874
0.560973
0.606021
0.649722
0.447471
0.217833
0.25889
0.413134
0.535109
0.620372
0.567001
0.563125
0.256576
0.737777
0.197701
0.443806
0.598255
0.468524
0.226559
0.055694
0.160001
0.554267
0.175262
0.332138
0.47863
0.587403
0.5274
0.36874
0.537859
0.549647
0.751431
0.247229
0.326575
0.231117
0.466585
0.220427
0.094516
0.557606
0.56059
0.363034
0.497397
0.531167
0.63905
0.207844
0.551798
0.650924
0.553018
0.422192
0.304957
0.482442
0.385297
0.08565
0.564129
0.465857
0.572571
0.689278
0.639864
0.457138
0.917755
0.533793
0.619854
0.458971
0.594538
0.464811
0.424574
0.514688
0.703025
0.479873
0.569395
0.404818
0.546587
0.588045
0.742602
0.141885
0.570799
0.582978
0.131071
0.603235
0.482503
0.215633
0.577707
0.542132
0.450433
0.170429
0.436402
0.016701
0.497026
0.685973
0.587401
0.423477
0.352288
0.241737
0.078656
0.356022
0.233761
0.508988
0.428481
0.247687
0.262835
0.280376
0.655258
0.291581
0.513832
0.551061
0.149896
0.553451
0.574782
0.264694
0.245154
0.225414
0.11433
0.488691
0.797385
0.40365
0.58088
0.473056
0.990532
0.744516
0.411264
0.1466
0.576856
0.506073
0.4241
0.501107
0.096097
0.512595
0.45896
0.505175
0.20845
0.457061
0.492137
0.434252
0.518357
0.250849
0.362621
0.71268
0.605835
0.244336
0.57296
0.277146
0.604149
0.373522
0.546506
0.741804
0.223159
0.15949
0.103885
0.626266
0.269123
0.122384
0.647429
0.59594
0.331672
0.528911
0.577036
0.551578
0.20375
0.556044
0.62421
0.226716
0.382047
0.63554
0.350984
0.453086
0.495096
0.490372
0.223568
0.536277
0.556101
0.449671
0.52935
0.08068
0.486372
0.526355
0.420532
0.635209
0.599332
0.495442
0.096349
0.581579
0.227034
0.461397
0.65694
0.405963
0.58743
0.547633
0.536408
0.468531
0.572705
0.623361
0.115787
0.582138
0.115487
0.239916
0.157558
0.066653
0.563712
0.548802
0.615833
0.173429
0.290234
0.531584
0.498524
0.49754
0.308108
0.460122
0.562187
0.655432
0.459709
0.608297
0.591125
0.132775
0.532783
0.749926
0.566731
0.295425
0.620249
0.582906
0.522696
0.055396
0.148833
0.552635
0.366101
0.317296
0.3523
0.51607
0.860455
0.335421
0.403182
0.543954
0.204611
0.296851
0.335976
0.334819
0.341711
0.560833
0.49068
0.654577
0.6762
0.41319
0.376673
0.674175
0.088481
0.463851
0.371468
0.332875
0.579241
0.604552
0.107061
0.595773
0.190715
0.472923
0.648777
0.360048
0.0896
0.360995
0.251781
0.406403
0.094685
0.54114
0.361997
0.52886
0.555651
0.12117
0.488287
0.275135
0.505859
0.358271
0.456444
0.310871
0.617218
0.536312
0.377176
0.478268
0.471587
0.419589
0.214363
0.497605
0.37482
0.449752
0.610522
0.636007
0.551822
0.217654
0.544311
0.46585
0.27498
0.293871
0.282571
0.670362
0.504134
0.538301
0.6443
0.162863
0.287933
0.465262
0.325862
0.555573
0.441907
0.552516
0.112031
0.232578
0.590438
0.473576
0.497205
0.52497
0.350009
0.506765
0.579457
0.694921
0.48331
0.524278
0.119791
0.514452
0.522751
0.529825
0.567135
0.359721
0.405997
0.547348
0.40225
0.334723
0.267658
0.711986
0.21064
0.529266
0.375346
0.594286
0.393688
0.308263
0.312345
0.181101
0.563236
0.630732
0.592193
0.519574
0.497756
0.679592
0.742689
0.468659
0.287183
0.382815
0.50408
0.098493
0.548188
0.199143
0.338427
0.294417
0.52524
0.382476
0.589558
0.570857
0.372596
0.483958
0.663994
0.528455
0.534902
0.467778
0.427954
0.46071
0.063581
0.595099
0.371524
0.502493
0.480261
0.621161
0.285026
0.513333
0.445077
0.317207
0.502115
0.267167
0.482648
0.484315
0.539115
0.240244
0.549058
0.173611
0.511816
0.445456
0.299096
0.513431
0.189003
0.452127
0.542197
0.220391
0.681135
0.268776
0.34525
0.338654
0.660868
0.671446
0.492282
0.31923
0.46945
0.2667
0.200776
0.61506
0.026
0.66094
0.8882
0.517156
0.2564
0.217782
0.490766
0.316695
0.13686
0.291935
0.368429
0.486934
0.21403
0.567549
0.307916
0.459611
0.95473
0.100059
0.151993
0.6725
